#OTU ID	201411_Is1	201411_Is2	201411_Is3	201411_Is_SW	201411_Mi1	201411_Mi2	201411_Mi3	201411_Mi_SW	201502_Is2	201502_Is3	201502_Is_SW	201502_Mi1	201502_Mi2	201502_Mi3	201502_Mi_SW	201505_Is1	201505_Is2	201505_Is3	201505_Is_SW	201505_Mi1	201505_Mi2	201505_Mi3	201505_Mi_SW	201508_Is1	201508_Is2	201508_Is3	201508_Is_SW	201508_Mi1	201508_Mi2	201508_Mi3	201508_Mi_SW	201508_Out_SW	201511_Is1	201511_Is2	201511_Is3	201511_Is_SW	201511_Mi1	201511_Mi2	201511_Mi3	201511_Mi_SW	201511_Out_SW
OTU1	30318	16278	31524	0	33033	26967	14723	3	32027	33050	1	0	0	0	1	29743	24	53090	1	28121	36249	2	3	12571	202	54117	4	7153	5798	1	2	3	802	293	33604	3	773	2895	37	2	3
OTU5	1941	5631	2078	0	39	14	9	0	2808	3761	0	0	2	23	1	3395	4776	245	0	1	22	0	0	7430	2866	385	0	0	0	0	0	1	23646	4731	1	2	2	0	1	1	0
OTU119	164	0	0	0	0	0	0	6	0	0	0	0	0	0	0	0	0	0	0	0	0	3	0	0	12	0	0	0	1	0	2	0	0	0	0	0	0	0	0	0	0
OTU3	6161	9188	6510	0	25	69	48	2	5130	9260	0	119	95	439	6	9421	19628	985	2	36	310	311	0	15194	6838	1032	0	83	96	1	1	0	17028	13024	3042	0	2	36	2	0	0
OTU827	759	1720	953	0	15	6	2	0	429	1119	0	0	0	14	0	1478	2227	39	0	0	8	0	1	3850	404	149	0	0	0	0	1	0	751	1089	0	0	1	0	0	0	0
OTU40	4096	2413	4293	0	4880	4165	1803	0	4712	4354	0	0	1	0	1	4438	4	7829	0	4126	6107	0	0	1653	26	7358	0	814	796	1	1	0	106	50	5681	1	111	382	3	0	0
OTU770	9	9	16	0	24	43	16	0	29	38	0	0	0	0	0	46	0	69	0	42	40	0	0	10	0	28	0	4	2	0	0	0	0	0	20	0	0	5	0	0	0
OTU16	6481	0	0	0	0	0	0	0	0	0	0	0	0	0	4	0	0	0	0	0	0	0	0	0	0	0	0	1	0	0	0	0	0	0	0	0	0	0	0	0	1
OTU14	861	0	0	1	1039	10	2298	0	864	820	0	1979	2890	13133	0	39	969	53	0	1635	964	2169	1	431	2645	102	0	1218	398	0	0	0	261	57	421	0	97	336	13	0	1
OTU169	89	15	2	0	0	0	0	0	6	0	0	0	0	0	0	0	0	0	1	0	0	0	0	0	0	0	0	0	28	0	0	0	0	0	0	0	0	1	0	1	0
OTU245	1020	2568	2179	0	11	6	4	0	584	1345	0	0	0	8	0	2696	2809	173	1	1	10	0	0	4458	549	59	0	0	0	0	0	0	644	1486	0	0	0	0	1	0	1
OTU696	24	183	3	0	0	0	1	0	56	30	0	0	8	116	0	20	342	12	0	0	0	0	0	73	6	0	0	0	0	0	0	0	0	0	0	0	0	0	0	0	0
OTU26	232	0	0	0	0	0	0	1	0	0	0	0	0	0	0	0	1	0	0	0	0	0	0	15	0	697	0	0	4	2902	0	0	0	86	0	0	0	0	0	0	0
OTU729	69	24	44	0	46	81	29	0	130	88	0	0	0	0	0	74	0	248	0	81	85	0	0	30	0	152	0	12	12	0	0	0	1	1	68	0	1	5	0	0	0
OTU372	33	48	46	0	170	16	6	0	18	9	0	0	0	0	0	17	0	13	0	24	325	0	0	4	1	13	0	4	5	0	0	0	3	3	199	0	0	1	0	0	0
OTU117	115	90	3	0	0	5	0	1	22	35	0	35	4	0	0	0	0	4	0	0	1	16	0	34	8	349	0	146	0	0	0	0	34	139	2586	0	0	0	0	1	0
OTU666	88	44	78	0	86	58	55	0	81	127	0	0	0	0	0	103	0	172	0	76	105	0	0	53	1	199	0	38	31	0	0	0	2	0	107	0	3	8	0	0	0
OTU18	631	731	431	0	0	0	4	0	122	1196	0	219	91	265	9	205	845	778	0	172	96	0	3	19	416	669	1	2	26	0	0	0	75	418	0	0	34	9	20	0	0
OTU52	255	67	379	0	0	0	0	0	122	115	0	19	30	550	9	131	1380	37	0	0	0	0	0	508	29	0	0	0	0	0	0	0	0	3	517	0	2	0	0	0	1
OTU127	92	7	2	0	2	21	17	0	30	17	0	91	13	44	0	25	82	30	0	3	3	23	0	13	10	0	0	2	0	0	0	0	1	0	0	0	0	0	0	0	0
OTU672	23	7	26	0	27	35	6	0	42	33	0	0	0	0	0	39	0	74	0	35	53	0	0	12	0	34	0	4	5	0	0	0	0	0	27	0	1	4	0	0	0
OTU156	98	0	0	0	1	0	0	0	0	0	0	0	0	0	1	0	0	0	0	0	0	0	0	0	0	0	0	0	0	0	0	0	0	0	0	0	0	0	0	0	0
OTU17	121	0	0	1648	0	0	0	1479	0	0	3052	0	0	0	1954	8	60	7	4342	0	4	0	1421	0	0	0	748	0	1	0	421	220	0	1	0	3639	0	0	30	1477	929
OTU86	73	0	61	0	15	0	0	2	0	0	0	9	4	0	1	0	28	0	0	0	0	0	0	15	12	0	0	0	5	4359	1	0	0	0	0	0	0	0	1	0	0
OTU518	15	6	17	0	21	56	20	0	39	29	0	0	0	0	0	45	0	87	0	41	66	0	0	14	0	54	0	7	3	0	0	0	0	0	17	0	1	4	0	0	0
OTU15	89	61	2	1	0	0	0	2	21	0	2	0	5	32	4	9	107	4	0	0	0	36	0	24	418	0	2	0	28	6278	4	3	0	0	0	0	0	0	0	0	4
OTU727	15	0	0	0	36	0	85	0	20	55	0	81	228	860	0	0	71	2	0	91	80	123	0	15	98	7	0	33	17	0	0	0	6	5	39	0	6	23	0	0	0
OTU279	40	622	66	0	1	2	3	0	565	200	0	7	2	14	0	53	103	48	0	1	1	41	0	199	706	12	0	10	15	0	2	0	2870	975	46	0	0	1	1	0	0
OTU414	16	33	18	0	0	0	1	0	15	33	0	0	0	3	0	67	119	5	0	1	4	10	0	94	29	1	0	0	1	0	1	0	11	58	206	0	1	2	0	0	0
OTU792	1	0	0	132	0	0	0	77	0	0	7	0	0	0	17	0	0	1	61	5	0	0	41	0	0	0	39	0	0	0	74	72	0	0	0	26	0	0	0	34	67
OTU428	44	0	0	0	317	1	965	0	18	19	0	600	183	1126	0	22	113	19	0	503	104	696	0	7	185	4	0	78	125	0	0	0	19	1	14	0	3	315	4	0	0
OTU432	9	95	12	0	0	1	1	0	93	50	0	0	1	6	0	18	26	7	0	1	0	5	0	44	97	0	0	1	2	0	0	0	503	198	27	1	1	0	0	0	0
OTU261	30	0	6	0	1	6	11	0	3	2	0	2	6	27	0	0	7	2	0	0	1	4	0	0	8	37	0	0	0	0	0	0	0	1	0	0	0	0	0	0	0
OTU837	2	18	1	0	0	0	0	0	10	13	0	0	0	0	0	72	17	1	0	0	0	0	0	98	13	0	0	0	0	0	0	0	189	6	0	0	0	0	0	0	0
OTU94	1	1	2	0	0	0	0	0	1	3	0	0	0	20	0	13	9	1	0	0	4	83	0	43	50	0	0	0	9	0	0	0	36	117	970	0	0	2	0	0	0
OTU702	24	130	3	0	0	0	0	0	45	49	0	0	7	143	0	14	343	13	0	0	0	0	0	66	7	0	0	0	0	0	1	0	0	0	0	0	0	0	1	0	0
OTU815	10	3	5	0	15	20	9	0	17	17	0	0	0	0	0	22	0	43	0	32	32	0	0	14	0	26	0	1	2	0	0	0	0	0	12	0	0	1	0	0	0
OTU256	44	282	3	0	0	0	0	0	86	45	0	1	15	187	0	17	575	15	0	0	0	0	0	61	5	0	0	0	0	0	0	0	0	0	0	0	1	0	0	0	0
OTU758	5	0	0	0	0	0	0	0	0	0	0	0	0	0	0	0	0	0	0	0	0	0	0	0	0	0	0	0	0	0	0	0	0	0	0	0	0	0	0	0	0
OTU420	22	38	14	0	0	2	0	0	47	95	0	0	0	4	0	461	448	14	0	1	3	0	0	463	84	1	0	0	1	0	0	0	150	73	2	0	0	2	0	0	0
OTU905	9	0	0	40	0	0	0	31	0	0	122	0	0	0	78	0	3	2	80	0	0	0	47	0	0	0	11	0	0	0	14	8	0	0	0	92	0	0	4	53	24
OTU523	7	4	3	0	7	15	6	0	15	19	0	0	0	0	0	14	0	36	0	14	17	0	0	5	0	11	0	0	1	0	0	0	0	0	13	0	0	2	0	0	0
OTU835	13	4	3	0	20	11	5	0	13	4	0	0	0	0	0	15	0	24	0	14	24	0	0	2	0	16	0	1	4	0	0	0	0	0	10	0	0	2	0	0	0
OTU584	5	0	0	0	0	2	0	0	0	0	0	0	0	4	0	0	0	0	0	0	0	0	0	0	0	0	0	0	0	0	0	0	0	0	0	0	1	0	0	0	0
OTU8	2	0	0	109	0	0	0	55	17	0	5448	0	0	0	9727	1	17	0	920	0	1	38	3033	0	0	0	56	0	0	0	489	84	0	0	3	255	1	0	39	74	16
OTU318	7	0	0	34	0	0	0	18	0	0	17	0	0	0	30	0	0	2	3	0	0	0	2	0	0	0	0	0	0	0	1	0	0	0	0	5	0	0	0	4	19
OTU538	1	0	0	22	0	0	0	58	0	0	35	0	0	0	60	0	0	0	0	0	0	0	3	0	0	0	0	0	0	0	0	0	0	0	0	2	0	0	0	13	25
OTU646	41	0	0	72	0	0	0	53	0	0	19	0	0	0	27	0	0	0	32	1	0	0	17	0	0	0	9	0	0	0	38	31	0	0	0	10	0	0	1	13	42
OTU834	7	3	14	0	19	27	12	0	20	23	0	0	0	0	0	25	0	46	0	24	41	0	0	6	0	24	0	0	1	0	0	0	1	0	10	0	0	0	0	0	0
OTU304	2	0	0	29	0	0	0	40	0	0	1	0	0	0	2	0	0	0	19	0	0	0	15	0	0	0	10	0	0	0	34	23	0	0	0	8	0	0	0	12	22
OTU673	8	1	3	0	9	8	3	0	12	6	0	0	0	0	0	4	0	16	0	5	8	0	0	2	0	10	0	2	1	0	0	0	0	0	9	0	0	2	0	0	0
OTU620	1	4	5	0	17	18	5	0	12	13	0	0	0	0	0	22	0	26	0	24	23	0	0	5	0	18	0	1	4	0	0	0	0	0	9	0	1	3	0	0	0
OTU888	3	12	4	0	0	0	0	0	1	7	0	2	1	2	0	15	24	0	0	1	0	1	0	15	7	0	0	0	0	0	0	0	8	8	0	0	0	0	0	0	0
OTU762	3	0	0	2	0	0	0	0	0	0	1	0	0	0	0	0	0	0	0	0	0	0	0	0	1	0	0	0	0	0	0	0	0	0	0	0	0	0	0	0	0
OTU23	2	3	5	0	181	220	151	0	1	4	0	779	339	3115	0	13	12	1	0	342	185	156	0	15	3	0	0	0	195	0	0	0	0	4	1	0	53	18	4	0	0
OTU799	1	0	0	0	0	0	0	7	1	0	0	0	0	0	6	1	5	0	4	0	0	0	4	1	0	0	2	0	0	0	3	0	0	1	0	0	0	0	0	1	0
OTU71	4	2	12	1	0	0	0	0	1	0	0	0	0	2	1	4	43	0	0	0	1	0	0	12	3	0	0	0	0	0	0	0	0	5	636	0	1	0	0	0	0
OTU482	1	0	0	27	0	0	0	5	0	0	0	0	0	0	3	0	0	0	0	0	0	0	0	0	0	0	0	0	1	0	0	0	0	0	0	0	0	0	0	0	0
OTU784	2	8	0	0	0	0	0	0	1	1	0	0	0	2	0	2	14	1	0	0	0	0	0	0	0	0	0	0	0	0	0	0	0	0	0	0	21	0	0	0	0
OTU11	1	1	0	4285	1	1	0	3103	3	2	4354	2	0	59	5615	4	0	0	3496	1	0	3	3112	0	2	0	855	0	0	1	1504	1533	1	1	2	1539	3	0	137	1459	2668
OTU56	0	47	1	0	9	97	76	2	184	164	0	203	78	440	0	104	700	101	0	129	36	34	0	161	359	0	0	7	3	0	0	0	25	0	0	0	0	1	2	0	0
OTU31	0	382	29	0	4	99	28	0	0	0	0	2	0	0	0	87	0	0	0	251	12	0	0	809	0	0	0	0	0	0	0	0	39	14	0	0	0	0	0	0	0
OTU171	0	244	4	0	0	0	0	0	0	0	0	0	0	0	0	0	0	0	0	0	0	0	0	0	0	0	0	0	0	0	0	0	0	0	0	0	0	0	0	0	0
OTU125	0	291	10	0	172	74	117	7	0	0	0	90	45	199	0	9	23	19	1	42	15	111	0	2	46	0	0	0	7	0	0	0	0	72	0	1	4	1	2	0	0
OTU273	0	25	125	0	147	41	34	0	0	0	0	59	14	94	1	4	10	6	0	26	13	17	0	5	2	0	0	0	0	0	0	0	0	0	0	0	2	0	0	0	0
OTU67	0	68	1	0	0	5	0	0	0	0	0	0	0	0	0	0	17	0	0	0	0	0	0	0	73	0	0	0	0	0	0	0	0	5	612	0	0	0	0	0	0
OTU134	0	99	850	0	0	0	0	0	0	0	0	0	0	0	0	0	0	0	0	0	0	0	0	0	1	0	0	0	0	0	0	0	0	0	0	0	0	0	0	0	0
OTU459	0	20	0	0	0	0	0	0	0	0	0	0	0	0	1	0	0	0	0	0	0	0	5	0	0	0	0	0	0	0	10	0	0	0	0	0	0	0	0	0	0
OTU871	0	4	0	0	0	0	0	0	0	0	0	0	0	0	0	0	0	0	0	0	0	0	0	0	0	0	0	0	0	0	0	0	0	0	0	0	0	0	0	0	0
OTU870	0	10	0	0	0	0	0	0	0	0	0	0	0	0	0	0	0	0	0	0	0	0	0	0	0	0	0	0	0	0	0	0	0	0	0	0	0	0	0	0	0
OTU259	0	38	0	0	0	0	0	0	0	0	0	0	0	0	0	0	0	0	0	0	0	0	0	0	0	0	0	0	0	0	1	1	0	0	0	0	0	0	0	0	0
OTU4	0	1	0	3	3249	3065	370	1	0	0	0	1142	8868	3717	0	0	1	0	1	2912	1289	19288	0	1	0	0	0	12515	4486	0	2	1	15	0	0	0	8056	2880	164	0	2
OTU679	0	16	0	0	0	0	0	0	0	0	0	0	0	0	0	0	0	0	0	0	0	0	0	0	0	0	0	0	0	0	0	0	0	0	0	0	0	0	0	0	0
OTU6	0	1	0	6667	2	5	2	11734	0	0	1562	1	1	3	1260	2	25	5	9021	18	1	1	5795	66	97	0	15932	2	3	1	15455	22851	71	1	1	12693	23	2	11	16510	10681
OTU29	0	1	0	217	1	0	1	151	0	15	6424	0	0	1	1151	0	3	0	1714	4	0	1	1788	8	0	1	2124	0	15	1	3308	1171	0	42	0	5111	0	0	28	584	106
OTU549	0	1	1	0	35	0	0	0	0	1	0	0	0	8	0	2	1900	0	0	90	16	3	0	9	4645	0	0	0	3	0	0	0	1	6899	2	0	23	3	0	0	0
OTU239	0	1	2	0	0	0	0	0	1	1	0	0	0	0	0	10	3	0	0	0	2	0	0	31	2	0	0	0	0	0	0	0	97	4	0	0	0	0	0	0	0
OTU69	0	0	488	2	0	0	0	0	0	0	1	0	0	0	0	4	26	0	0	0	0	0	0	0	75	0	0	0	1	0	0	0	0	0	0	0	0	0	0	0	0
OTU92	0	0	257	0	0	0	0	3	0	0	0	0	0	0	0	0	0	0	0	0	0	0	0	0	0	0	0	0	21	0	0	0	0	0	0	0	0	0	0	0	0
OTU180	0	0	179	0	0	0	0	0	0	0	0	0	0	0	0	0	0	0	0	0	0	0	0	0	0	0	0	0	0	0	0	0	0	0	0	0	0	0	0	0	0
OTU143	0	0	103	0	0	0	7	0	0	0	0	0	0	0	0	0	0	0	0	0	0	0	0	59	0	0	0	0	0	0	0	0	0	0	0	0	0	0	0	0	0
OTU196	0	0	155	0	0	0	0	0	0	0	0	0	0	0	0	0	0	0	0	0	0	0	0	0	0	0	0	0	0	0	0	0	0	0	0	0	0	0	0	0	0
OTU898	0	0	31	0	0	0	0	0	0	0	0	0	0	0	0	0	0	0	0	0	0	0	0	0	0	0	0	0	0	0	0	0	0	0	0	0	0	0	0	0	0
OTU384	0	0	5	0	0	0	0	0	0	0	0	0	0	0	0	0	0	0	0	0	0	0	0	0	30	0	0	0	0	0	0	0	0	0	0	0	0	0	0	0	0
OTU332	0	0	18	0	0	0	0	0	0	0	0	0	0	0	0	0	0	0	0	0	0	0	0	0	0	0	0	0	0	0	0	0	0	0	0	0	0	0	0	0	0
OTU108	0	0	9	0	0	0	0	0	0	0	0	0	0	0	0	0	0	0	0	0	0	0	0	11	0	389	0	0	17	0	0	0	0	0	0	0	0	0	0	0	0
OTU383	0	0	28	0	0	0	0	0	0	0	0	0	0	0	0	0	0	0	0	0	0	0	0	0	0	0	0	0	0	0	0	0	0	0	0	0	0	0	0	0	0
OTU24	0	0	1	1720	0	0	0	1378	0	0	940	0	0	0	1599	1	0	0	1018	1	0	0	750	1	0	0	303	0	6	0	486	565	0	0	0	489	0	0	34	494	1097
OTU36	0	0	1	140	0	0	0	33	15	0	2615	0	0	0	527	0	11	0	1090	0	0	0	672	0	0	0	377	0	0	0	402	148	1	0	0	685	0	0	6	79	10
OTU802	0	0	1	0	35	146	384	0	0	0	0	409	304	202	0	0	0	0	0	84	62	161	0	0	0	0	0	250	238	0	0	0	0	0	0	0	244	523	578	0	0
OTU670	0	0	0	1145	0	0	0	1023	0	1	95	0	0	0	145	1	1	1	599	1	0	0	588	0	1	0	269	0	0	0	271	439	1	0	0	537	0	0	1	1101	1212
OTU7	0	0	0	24488	1	1	1	17904	0	35	1693	0	1	32	2122	17	78	1	11213	11	5	2	11484	1	38	0	6288	1	14	2	6385	9820	0	0	0	10016	8	2	6	20215	25826
OTU344	0	0	0	15	0	0	0	13	0	0	14	0	0	0	26	0	0	0	4	0	0	0	2	0	0	0	0	0	0	0	1	1	0	0	0	2	0	0	2	6	10
OTU87	0	0	0	2622	1	5	0	5986	1	3	497	0	0	1	377	2	13	0	3830	1	0	1	2851	31	40	0	4860	0	0	0	7393	8069	19	0	0	4846	1	0	7	7202	5399
OTU112	0	0	0	545	0	0	0	863	0	0	90	0	1	0	61	0	0	0	430	0	0	0	549	23	18	0	884	0	0	0	1240	1611	0	0	0	1075	0	0	0	2252	1325
OTU33	0	0	0	2122	0	0	0	1408	0	0	207	0	0	0	465	0	0	0	195	0	0	0	176	1	0	0	115	0	0	0	199	182	0	0	0	329	1	0	1	503	1235
OTU235	0	0	0	126	0	0	0	75	0	0	24	0	0	0	46	0	0	0	29	0	0	0	31	0	0	0	16	0	0	0	47	31	0	0	0	18	0	0	0	13	33
OTU440	0	0	0	78	0	0	0	54	0	0	56	0	0	0	134	0	0	0	86	0	0	0	79	0	0	0	21	0	0	0	10	11	0	0	0	28	0	0	1	16	40
OTU286	0	0	0	858	0	0	0	506	0	0	64	0	0	1	92	0	0	0	325	0	0	0	334	0	0	0	70	0	1	0	108	157	0	0	0	271	0	0	1	595	811
OTU103	0	0	0	258	0	0	1	100	0	0	140	0	0	0	393	0	0	0	100	0	0	0	79	0	0	0	62	0	0	0	102	124	0	0	0	64	0	0	5	77	105
OTU57	0	0	0	559	0	0	0	423	0	0	368	0	0	0	752	0	10	0	213	0	0	0	173	0	0	0	46	0	1	0	79	77	0	1	0	124	0	0	12	172	358
OTU217	0	0	0	64	0	0	0	39	0	0	5	0	0	0	4	0	0	0	4	0	0	0	3	0	0	0	3	0	0	0	4	4	0	0	0	8	0	0	0	9	22
OTU624	0	0	0	47	0	0	0	35	0	0	4	0	0	0	0	0	0	0	0	0	0	0	3	0	0	0	3	0	0	0	7	8	0	0	0	4	0	0	0	9	12
OTU88	0	0	0	353	0	0	0	137	0	0	61	0	0	0	91	0	0	0	48	0	0	0	30	0	0	0	20	0	0	0	13	45	0	0	0	25	0	0	1	32	64
OTU48	0	0	0	218	0	0	0	231	0	0	134	0	0	0	142	0	0	0	4	0	0	0	7	0	26	0	0	0	0	0	0	0	0	0	0	33	0	0	0	60	111
OTU190	0	0	0	82	0	0	0	28	0	0	0	0	0	0	3	0	0	0	19	0	0	0	10	0	0	0	2	0	0	0	3	2	0	0	0	6	0	0	0	10	21
OTU55	0	0	0	715	0	0	0	347	0	0	553	0	0	0	1184	0	0	0	497	0	0	0	352	0	0	0	162	0	0	0	243	310	0	0	0	144	0	0	2	216	411
OTU59	0	0	0	217	0	0	0	197	0	0	413	0	0	0	780	0	0	0	33	0	0	0	24	0	0	0	3	0	0	0	1	6	0	0	0	74	0	0	5	79	180
OTU35	0	0	0	575	0	0	0	287	0	0	633	1	0	0	755	0	0	0	640	0	0	1	505	0	0	1	182	0	0	0	249	248	0	0	0	123	0	0	1	148	194
OTU10	0	0	0	1715	0	1	0	1347	0	0	1309	0	0	0	2712	0	1	1	567	6	1	0	449	1	0	0	56	0	0	0	50	20	0	1	0	1433	0	0	31	792	756
OTU65	0	0	0	238	0	6	0	446	0	0	55	0	0	0	57	0	0	0	96	0	0	0	72	0	28	0	175	0	0	0	161	270	0	0	0	307	0	0	0	624	423
OTU114	0	0	0	90	0	0	0	77	0	0	8	0	0	0	12	0	0	0	47	0	0	0	14	0	0	0	27	0	0	0	36	73	0	0	0	15	1	0	0	22	44
OTU62	0	0	0	9	0	0	0	7	0	0	51	0	0	0	128	0	0	0	398	0	0	0	466	0	0	0	44	0	0	0	295	35	0	0	0	4	0	0	0	0	0
OTU613	0	0	0	11	0	0	0	5	0	0	33	0	0	0	86	0	0	0	61	0	0	0	57	0	0	0	0	0	0	0	5	1	0	0	0	1	0	0	0	4	1
OTU41	0	0	0	196	0	0	0	57	0	0	469	0	0	0	546	0	0	0	16	0	0	0	9	0	0	0	27	0	0	0	19	24	0	0	0	19	0	0	4	12	45
OTU51	0	0	0	726	0	0	0	342	0	0	116	0	0	0	120	0	0	0	12	0	0	0	11	0	0	0	7	0	0	0	7	11	0	0	0	48	0	0	0	77	158
OTU246	0	0	0	29	0	0	0	33	0	0	37	0	0	0	104	0	0	0	4	0	0	0	4	0	0	0	1	0	0	0	1	1	0	0	0	6	0	0	0	13	39
OTU43	0	0	0	297	0	0	0	211	0	0	52	0	0	0	100	0	0	0	376	0	0	0	474	0	11	0	242	0	0	0	1075	235	0	0	0	82	0	0	1	38	85
OTU166	0	0	0	196	0	0	0	98	0	0	3	0	0	0	8	0	0	0	32	0	0	0	29	0	0	0	47	0	0	0	111	72	0	0	0	24	0	0	0	23	46
OTU625	0	0	0	410	0	0	0	277	0	0	34	0	0	0	25	0	2	0	377	0	0	0	527	0	4	0	240	0	0	0	517	1218	0	0	0	778	1	0	0	1666	971
OTU161	0	0	0	47	0	0	0	37	0	0	0	0	0	0	3	0	0	0	0	0	0	0	1	0	0	0	0	0	0	0	0	0	0	0	0	5	0	0	0	22	37
OTU291	0	0	0	28	0	0	0	6	0	0	3	0	0	0	3	0	0	0	0	0	0	0	2	0	0	0	1	0	0	0	2	1	0	0	0	0	0	0	1	0	6
OTU328	0	0	0	1	0	0	0	0	0	0	9	0	0	0	25	0	0	0	1	0	0	0	2	0	0	0	0	0	0	0	0	0	0	0	0	0	0	0	1	0	0
OTU28	0	0	0	489	0	0	0	398	0	0	418	0	0	0	411	3	0	2	2271	0	0	0	2516	0	0	1	750	0	0	0	1439	691	0	0	0	378	0	0	2	192	261
OTU133	0	0	0	533	0	0	0	345	0	0	307	0	0	0	360	0	0	0	142	0	0	0	102	0	0	0	48	0	0	0	74	88	0	0	0	78	0	0	3	181	391
OTU445	0	0	0	159	0	0	0	144	0	1	65	0	0	0	131	0	0	0	109	0	0	0	91	0	0	1	60	1	0	0	67	58	0	0	1	67	0	0	4	48	120
OTU122	0	0	0	378	1	0	0	313	1	1	124	0	0	0	315	0	0	0	243	0	0	0	184	1	0	0	66	0	0	0	169	121	0	0	0	94	0	0	18	115	217
OTU99	0	0	0	288	0	0	0	179	0	0	157	0	0	0	163	0	0	0	52	0	0	0	26	0	0	0	16	0	0	0	16	23	0	0	0	32	0	0	4	21	56
OTU165	0	0	0	61	0	0	0	32	0	0	0	0	0	0	3	0	0	0	56	0	0	0	37	0	0	0	38	0	0	0	45	48	0	0	0	8	0	0	0	16	30
OTU601	0	0	0	62	0	0	0	57	0	0	3	0	0	0	6	0	0	0	66	0	0	0	80	0	0	0	56	0	0	0	97	217	0	0	0	148	0	0	0	311	177
OTU58	0	0	0	209	0	0	0	71	0	0	9	0	0	0	78	0	0	0	16	0	0	0	80	0	0	0	69	0	0	0	329	46	0	0	0	418	0	0	0	62	13
OTU39	0	0	0	817	0	1	0	433	0	0	1643	0	0	0	2116	0	0	0	860	0	0	0	572	1	0	0	335	1	0	1	612	478	0	0	0	357	0	0	1	266	372
OTU150	0	0	0	281	0	0	0	185	0	0	63	0	0	0	233	0	0	0	113	0	0	0	82	4	0	0	53	0	0	0	94	68	0	1	0	64	0	0	14	79	90
OTU471	0	0	0	35	0	0	0	20	0	0	1	0	0	0	0	0	0	0	0	0	0	0	0	0	0	0	0	0	0	0	0	0	0	0	0	3	0	0	0	1	7
OTU145	0	0	0	44	0	0	0	9	0	0	30	0	0	0	48	0	0	0	78	0	0	0	58	0	0	0	10	0	0	0	23	22	0	0	0	4	0	0	1	2	0
OTU155	0	0	0	110	0	0	0	144	0	0	37	0	0	0	75	0	0	0	1	0	0	0	4	0	0	0	1	0	0	0	1	0	0	0	0	14	0	0	2	28	85
OTU74	0	0	0	514	0	0	0	242	0	0	39	0	0	0	51	3	0	0	327	0	0	0	242	0	0	0	182	0	0	0	255	211	0	0	0	228	0	0	0	143	253
OTU522	0	0	0	155	0	0	0	126	0	0	56	0	0	0	135	0	0	0	73	0	0	0	78	23	0	0	38	0	1	0	65	53	0	0	0	54	0	0	13	62	75
OTU546	0	0	0	97	0	0	0	28	0	0	20	0	0	0	25	0	0	0	70	0	0	0	68	0	0	0	22	0	0	0	34	28	0	0	0	26	0	0	0	0	3
OTU22	0	0	0	1010	0	0	0	248	0	0	396	0	1	0	1239	6	0	0	212	0	0	0	192	0	0	0	74	0	0	0	145	142	0	1	0	227	0	0	5	164	246
OTU202	0	0	0	47	0	0	0	13	0	0	0	0	0	0	0	0	0	0	0	0	0	0	0	0	0	0	30	0	0	0	21	4	0	0	0	9	0	0	0	2	0
OTU562	0	0	0	47	0	0	0	32	0	1	1546	0	0	0	281	1	0	0	616	1	0	0	587	1	0	0	933	0	1	0	730	196	1	21	0	1525	0	0	5	151	21
OTU90	0	0	0	392	0	0	0	182	0	0	177	0	0	0	263	0	0	0	290	0	0	0	238	0	0	0	31	0	0	0	43	76	0	0	0	102	0	0	3	111	233
OTU308	0	0	0	28	0	0	0	38	0	0	0	0	0	0	0	0	0	0	1	0	0	0	3	0	0	0	5	0	0	0	10	10	0	0	0	4	0	0	0	2	7
OTU292	0	0	0	3	0	0	0	8	0	0	0	0	0	0	0	0	0	0	0	0	0	0	0	0	0	0	1	0	0	0	0	1	0	0	0	3	0	0	0	8	24
OTU105	0	0	0	278	0	0	0	263	0	0	41	0	0	0	81	0	0	0	99	0	5	0	67	0	0	0	47	0	0	0	63	105	0	0	0	75	0	0	1	109	269
OTU483	0	0	0	113	0	0	0	62	0	0	51	0	0	0	84	0	0	2	206	0	1	0	144	0	0	0	33	0	0	0	63	63	0	0	0	26	0	0	0	38	71
OTU309	0	0	0	105	0	1	0	62	0	0	42	0	0	0	72	0	0	0	79	0	0	0	64	0	0	0	23	0	0	0	55	57	0	0	0	18	0	0	1	31	48
OTU116	0	0	0	283	0	0	0	162	0	0	34	0	0	0	57	0	0	0	14	0	0	0	21	0	0	0	20	0	0	0	29	41	0	0	0	28	0	0	2	29	96
OTU32	0	0	0	179	0	0	0	32	0	0	1088	0	0	0	1866	0	0	0	199	0	0	0	196	0	0	0	42	0	0	0	42	39	0	0	0	295	0	0	8	57	26
OTU193	0	0	0	88	0	0	0	55	0	0	13	0	0	0	36	0	0	0	72	0	0	0	67	0	0	0	21	0	0	0	15	45	0	0	0	17	0	0	2	10	39
OTU667	0	0	0	190	0	0	0	162	0	1	9	0	0	0	11	0	0	0	122	0	0	0	256	0	0	0	73	0	0	0	207	300	1	0	0	234	0	0	0	698	575
OTU53	0	0	0	327	0	0	0	150	0	0	15	0	0	0	18	0	0	0	2	0	0	0	1	0	0	0	0	0	0	0	0	0	0	0	0	32	0	0	0	109	236
OTU207	0	0	0	41	0	0	0	30	0	0	133	0	0	0	148	0	0	0	230	0	0	0	147	0	0	0	3	0	0	0	14	10	0	0	0	7	0	0	1	16	28
OTU158	0	0	0	98	0	0	0	23	0	0	6	0	0	0	14	0	0	0	70	0	0	0	41	0	0	0	26	0	0	0	41	70	0	0	0	6	0	0	0	11	23
OTU746	0	0	0	1	0	0	0	3	0	0	0	0	0	0	0	0	0	0	0	0	0	0	1	0	0	0	0	0	0	0	2	3	0	0	0	2	0	0	0	0	5
OTU106	0	0	0	661	1	0	0	491	0	0	52	1	0	0	38	0	0	0	190	0	0	0	48	30	0	0	613	0	0	0	585	293	0	0	0	801	0	0	9	240	114
OTU72	0	0	0	306	0	0	0	108	0	0	76	0	0	0	162	4	1	0	85	0	0	0	86	0	0	0	29	0	0	0	38	45	0	0	0	39	0	0	2	37	73
OTU583	0	0	0	6	0	0	0	5	0	0	1	0	0	0	2	0	0	0	0	0	0	0	0	0	0	0	0	0	0	0	0	0	0	0	0	0	0	0	0	2	11
OTU854	0	0	0	28	0	0	0	10	0	0	0	0	0	0	2	0	0	0	3	0	0	0	1	0	0	0	8	0	0	0	18	12	0	0	0	2	0	0	0	5	7
OTU665	0	0	0	23	1	0	0	1	0	0	393	0	0	0	83	0	2	0	96	0	0	0	78	0	0	0	37	0	0	0	55	20	0	0	0	107	0	0	1	14	1
OTU46	0	0	0	54	0	0	1	17	17	0	541	58	0	0	13	0	18	0	107	0	0	0	72	0	0	0	123	0	0	0	16	0	0	0	0	362	0	0	1	27	10
OTU281	0	0	0	166	0	0	0	105	0	0	6	0	0	0	27	0	0	0	0	0	0	0	1	0	0	0	0	0	0	0	0	0	0	0	0	9	0	0	0	27	49
OTU140	0	0	0	96	0	0	0	64	0	0	1	0	0	0	9	0	0	0	2	0	0	0	1	0	0	0	8	0	0	0	3	8	0	0	0	13	0	0	0	11	41
OTU173	0	0	0	112	0	0	0	39	0	0	2	0	0	0	1	0	0	0	2	0	0	0	4	0	0	0	6	0	0	0	7	6	0	0	0	0	0	0	0	6	15
OTU101	0	0	0	299	0	0	0	198	0	0	52	0	0	0	152	0	0	0	265	0	0	0	161	1	0	0	80	0	0	0	107	170	0	0	0	70	0	0	1	93	146
OTU100	0	0	0	215	0	0	0	110	0	0	6	0	0	0	10	0	0	0	1	0	0	0	0	0	0	0	1	0	0	0	0	0	0	1	0	27	0	0	0	54	126
OTU102	0	0	0	261	0	0	0	75	0	0	22	0	0	0	59	0	0	0	38	0	0	0	21	0	0	0	27	0	0	0	34	59	0	0	0	15	0	0	0	20	34
OTU195	0	0	0	37	0	0	0	15	0	0	0	0	0	0	2	0	0	0	0	0	0	0	0	0	0	0	0	0	0	0	0	0	0	0	0	6	0	0	0	12	25
OTU107	0	0	0	237	0	0	0	77	0	0	7	0	0	0	10	0	0	0	13	0	0	0	12	0	0	0	42	0	0	0	57	61	0	0	0	47	0	0	0	16	28
OTU183	0	0	0	65	0	0	0	27	0	0	2	0	0	0	5	0	0	0	0	0	0	0	0	0	0	0	0	0	0	0	0	3	0	0	0	6	0	0	1	34	49
OTU201	0	0	0	95	0	0	0	71	0	0	2	0	0	0	14	0	0	0	7	0	0	0	8	0	0	0	7	0	0	0	17	11	0	0	0	3	0	0	0	4	23
OTU365	0	0	0	20	0	0	0	15	0	0	2	0	0	0	0	0	0	0	0	0	0	0	0	0	0	0	4	0	0	0	0	3	0	0	0	4	0	0	0	4	23
OTU149	0	0	0	214	0	0	0	301	0	0	13	0	0	0	23	0	0	0	1	0	0	0	5	0	0	0	1	0	0	0	0	0	0	0	0	17	0	0	0	55	97
OTU98	0	0	0	53	0	0	0	42	0	0	29	0	0	0	64	0	0	0	40	0	0	0	24	0	0	0	13	0	0	0	10	16	0	0	0	17	0	0	0	26	31
OTU935	0	0	0	24	0	0	0	16	0	0	13	0	0	0	31	0	0	0	3	0	0	0	2	0	0	0	1	0	0	0	3	1	0	0	0	8	0	0	2	2	13
OTU96	0	0	0	184	0	0	0	60	0	0	148	0	0	0	324	0	0	0	118	0	0	0	100	0	0	0	16	0	0	0	62	71	0	0	0	64	0	0	11	35	92
OTU496	0	0	0	29	0	0	0	38	0	0	0	0	0	0	0	0	0	0	1	0	0	0	0	0	0	0	23	0	0	0	20	24	0	0	0	4	0	0	0	14	27
OTU826	0	0	0	25	0	0	0	3	0	0	0	0	0	0	0	0	0	0	0	0	0	0	1	0	0	0	4	0	0	0	5	0	0	0	0	0	0	0	0	2	3
OTU115	0	0	0	65	0	0	0	52	0	0	3	0	0	0	5	0	0	0	0	0	0	0	3	0	0	0	0	0	0	0	0	0	0	0	0	9	0	0	0	21	33
OTU44	0	0	0	171	0	0	0	370	0	0	162	1	0	21	106	0	0	0	61	0	0	0	41	0	0	0	7	0	0	0	2	0	0	0	0	97	0	0	3	123	189
OTU390	0	0	0	34	0	0	0	40	0	0	0	0	0	0	1	0	0	0	0	0	0	0	1	0	0	0	1	0	0	0	0	0	0	0	0	6	0	0	0	7	28
OTU714	0	0	0	67	0	0	0	47	0	0	42	0	0	0	93	0	0	0	117	0	0	0	77	0	0	0	20	0	0	0	20	27	0	0	0	19	0	0	3	21	46
OTU238	0	0	0	9	0	0	0	17	0	0	1	0	0	0	41	0	0	0	0	0	0	0	12	0	0	0	2	0	0	0	92	7	0	0	0	0	0	0	0	0	3
OTU848	0	0	0	49	0	0	0	51	0	0	16	0	4	0	32	0	0	0	22	0	0	0	22	3	0	0	10	0	0	0	21	16	0	0	0	16	0	0	6	23	24
OTU247	0	0	0	44	0	0	0	51	0	0	9	0	0	0	32	0	0	0	3	0	0	0	5	0	0	0	0	0	0	0	0	0	0	0	0	3	0	0	0	11	20
OTU236	0	0	0	58	0	0	0	18	0	0	235	0	0	0	461	0	0	0	26	0	0	0	24	0	0	0	0	0	0	0	0	0	0	0	0	3	0	0	4	2	1
OTU454	0	0	0	47	0	0	0	27	0	0	11	0	0	0	37	0	0	0	9	0	0	0	6	0	0	0	4	0	0	0	4	0	0	0	0	3	0	0	2	13	10
OTU270	0	0	0	8	0	0	0	15	0	0	0	0	0	0	0	0	0	0	0	0	0	0	1	0	0	0	0	0	0	0	0	0	0	0	0	2	0	0	0	11	9
OTU394	0	0	0	117	0	0	0	213	0	0	242	0	0	0	175	0	4	2	683	0	0	0	229	0	0	0	32	0	0	0	14	12	0	0	0	459	0	0	4	125	46
OTU209	0	0	0	111	0	0	0	32	0	0	0	0	0	0	0	0	0	0	0	0	0	0	0	0	0	0	0	0	0	0	0	0	0	0	0	0	0	0	0	0	0
OTU297	0	0	0	51	0	0	0	56	0	0	42	0	0	0	52	0	0	0	1	0	0	0	0	0	0	0	0	0	0	0	0	0	0	0	0	9	0	0	0	7	21
OTU168	0	0	0	262	0	0	0	225	0	34	92	0	0	0	105	0	0	0	9	0	0	0	13	0	0	0	3	0	0	0	2	0	0	0	0	48	0	0	0	81	224
OTU268	0	0	0	99	0	0	0	47	0	0	9	0	0	0	25	0	0	0	113	0	0	0	88	0	0	0	17	0	0	0	54	55	0	0	0	23	0	0	0	10	53
OTU123	0	0	0	145	0	0	0	90	0	0	76	0	0	0	130	1	0	0	35	0	0	0	47	0	0	0	24	0	0	0	27	52	0	0	0	30	0	0	1	24	22
OTU290	0	0	0	33	0	0	0	11	0	0	0	0	0	0	0	0	0	0	0	0	0	0	0	0	0	0	0	0	0	0	0	0	0	0	0	1	0	0	0	0	3
OTU176	0	0	0	46	0	0	0	55	0	0	6	0	0	0	8	2	0	0	34	0	0	0	40	0	0	0	15	0	0	0	40	29	0	0	0	15	0	0	1	14	24
OTU121	0	0	0	150	0	0	0	151	0	0	159	0	0	0	288	0	0	0	60	0	0	0	50	1	0	0	9	0	0	0	17	14	0	0	0	66	0	1	9	67	131
OTU197	0	0	0	172	0	0	0	66	0	0	1	0	0	0	19	0	0	0	12	0	0	0	11	0	0	0	14	0	0	0	11	16	0	0	0	9	0	0	0	8	29
OTU771	0	0	0	22	0	0	0	13	0	0	2	0	0	0	2	0	0	0	0	0	0	0	1	0	0	0	4	0	0	0	2	2	0	0	0	0	0	0	0	2	3
OTU38	0	0	0	254	0	0	0	300	0	0	31	0	0	0	41	0	0	0	39	0	0	0	50	0	0	0	5	0	0	0	2	0	0	0	0	158	0	0	2	147	135
OTU415	0	0	0	34	0	0	0	20	0	0	5	0	0	0	2	0	0	0	2	0	0	0	8	0	0	0	7	0	0	0	10	1	0	0	0	0	0	0	0	3	3
OTU120	0	0	0	50	0	0	0	67	0	0	15	0	0	0	24	0	0	0	14	0	0	0	6	0	0	0	8	0	0	0	10	28	0	0	0	20	0	0	0	44	40
OTU940	0	0	0	3	0	0	0	0	0	0	0	0	0	0	0	0	0	0	22	0	0	0	12	0	0	0	12	0	0	0	19	29	0	0	0	0	0	0	0	1	1
OTU534	0	0	0	32	0	0	0	7	0	0	0	0	0	0	1	0	0	0	10	0	0	0	2	0	0	0	0	0	0	0	0	5	0	0	0	0	0	0	0	1	7
OTU136	0	0	0	100	0	0	0	57	0	0	9	0	0	0	12	0	0	0	38	0	0	0	26	0	0	0	21	0	0	0	40	42	0	0	0	28	0	0	0	12	38
OTU722	0	0	0	179	0	0	0	122	0	0	8	0	0	0	13	0	1	0	112	0	0	0	168	0	0	0	24	0	0	0	86	137	0	0	0	138	0	0	0	440	428
OTU494	0	0	0	25	0	0	0	13	0	0	13	0	0	0	9	0	0	0	1	0	0	0	2	0	0	0	0	0	0	0	0	0	0	0	0	0	0	0	0	2	6
OTU675	0	0	0	59	0	0	0	34	0	0	62	0	0	0	58	0	0	0	1	0	0	0	3	0	0	0	1	0	0	0	0	1	0	0	0	6	0	0	1	15	21
OTU753	0	0	0	21	0	0	0	17	0	0	24	0	0	0	55	0	0	0	1	0	0	0	3	0	0	0	0	0	0	0	0	0	0	0	0	7	0	0	0	3	12
OTU242	0	0	0	56	0	0	0	52	0	0	48	0	0	0	78	0	0	0	18	0	0	0	19	0	0	0	2	0	0	0	14	15	0	1	0	13	0	0	4	33	47
OTU214	0	0	0	26	0	0	0	19	0	0	0	0	0	0	0	0	0	0	0	0	0	0	0	0	0	0	0	0	0	0	0	0	0	0	0	1	0	0	0	7	13
OTU882	0	0	0	8	0	0	0	1	0	0	3	0	0	0	3	0	0	0	0	0	0	0	0	0	0	0	2	0	0	0	1	0	0	0	0	1	0	0	0	1	1
OTU822	0	0	0	58	0	0	0	19	0	0	2	0	0	0	10	0	0	0	74	0	0	0	71	0	0	0	6	0	0	0	22	15	0	0	0	9	0	0	0	1	20
OTU337	0	0	0	39	0	0	0	25	0	0	25	0	0	0	56	0	0	0	105	0	0	0	100	0	0	0	37	0	0	0	14	17	0	0	0	32	0	0	0	14	28
OTU529	0	0	0	4	0	0	0	2	0	0	0	0	0	0	5	0	0	0	0	0	0	0	0	0	0	0	0	0	0	0	1	0	0	0	0	0	0	0	0	0	0
OTU154	0	0	0	166	1	0	0	58	0	0	30	0	0	0	46	0	0	0	1	0	0	0	0	0	0	0	0	0	0	0	2	1	0	0	0	24	0	0	0	30	21
OTU486	0	0	0	21	0	0	0	23	0	0	2	0	0	0	2	0	0	0	117	0	0	0	105	0	0	0	36	0	0	0	102	76	0	0	0	14	0	0	0	11	10
OTU182	0	0	0	83	0	0	0	35	0	0	20	0	0	0	22	0	0	0	29	0	0	0	15	0	0	0	9	0	0	0	9	11	0	0	0	6	0	0	0	15	24
OTU416	0	0	0	79	0	0	0	37	0	0	13	0	0	0	27	0	0	0	77	0	0	0	93	0	9	0	30	0	0	0	230	68	0	0	0	24	0	0	0	14	23
OTU181	0	0	0	156	0	0	0	62	0	0	1	0	0	0	10	0	0	0	14	0	0	0	23	0	0	0	10	0	0	0	21	24	0	0	0	5	0	0	0	7	18
OTU526	0	0	0	7	0	0	0	5	0	0	3	0	0	0	15	0	0	0	0	0	0	0	1	0	0	0	0	0	0	0	0	0	0	0	0	0	0	0	0	0	1
OTU111	0	0	0	82	0	0	0	49	0	0	9	0	0	0	18	0	0	0	81	0	0	0	114	0	0	0	76	0	0	0	263	43	0	0	0	22	0	0	0	9	6
OTU866	0	0	0	4	0	0	0	0	0	0	0	0	0	0	0	0	0	0	0	0	0	0	0	0	0	0	0	0	0	0	0	1	0	0	0	0	0	0	0	0	0
OTU380	0	0	0	127	0	0	0	71	0	0	24	0	0	0	42	0	0	0	108	0	1	0	64	0	0	0	41	0	0	0	80	63	0	0	0	19	0	0	0	49	82
OTU623	0	0	0	12	0	0	0	12	0	0	1	0	0	0	6	0	0	0	0	0	0	0	1	0	0	0	0	0	0	0	0	0	0	0	0	0	0	0	0	3	3
OTU234	0	0	0	31	0	0	0	11	0	0	0	0	0	0	0	0	0	0	8	0	0	0	10	0	0	0	21	0	0	0	20	36	0	0	0	19	0	0	0	10	27
OTU64	0	0	0	91	1	0	0	26	0	0	199	0	0	0	284	0	0	0	351	0	0	0	768	0	0	0	86	0	0	0	525	73	0	0	0	109	0	0	1	23	5
OTU175	0	0	0	231	0	0	0	152	0	0	71	0	3	0	181	0	0	0	108	0	0	0	78	11	0	0	39	0	0	0	106	75	0	0	0	53	0	0	13	68	107
OTU913	0	0	0	5	0	0	0	3	0	0	4	0	0	0	12	0	0	0	4	0	0	0	6	0	0	0	1	0	0	0	6	3	0	0	0	2	0	0	1	1	3
OTU179	0	0	0	29	0	0	0	28	0	0	1	0	0	0	7	0	0	0	10	0	0	0	9	0	0	0	4	0	0	0	5	14	0	0	0	5	1	0	0	13	14
OTU269	0	0	0	52	0	0	0	58	0	0	42	0	0	0	124	0	0	0	4	0	1	0	2	0	0	0	0	0	0	0	0	0	0	0	0	13	0	0	0	19	32
OTU157	0	0	0	108	0	0	0	51	0	0	18	0	0	0	81	0	0	0	29	0	0	0	39	0	0	0	5	0	0	0	6	9	0	0	0	16	0	0	3	31	73
OTU212	0	0	0	16	0	0	0	7	0	0	19	0	0	0	17	0	0	0	0	0	0	0	3	0	0	0	0	0	0	0	0	0	0	0	0	14	0	0	0	19	50
OTU424	0	0	0	10	0	0	0	10	0	0	6	0	0	0	17	0	0	0	1	0	0	0	2	0	0	0	0	0	0	0	0	0	0	0	0	0	0	0	0	1	3
OTU836	0	0	0	11	0	0	0	12	0	0	40	0	0	0	38	0	0	0	0	0	0	0	1	0	0	0	0	0	0	0	0	0	0	0	0	2	0	0	0	6	10
OTU85	0	0	0	31	1	0	0	8	0	0	86	0	0	0	249	0	0	0	40	3	0	0	30	0	0	0	19	0	0	0	35	12	0	0	0	67	0	0	5	20	7
OTU243	0	0	0	30	0	0	0	7	0	0	0	0	0	0	0	0	0	0	17	0	0	0	23	0	0	0	3	0	0	0	4	4	0	0	0	3	0	0	0	3	2
OTU480	0	0	0	7	0	0	0	2	0	0	4	0	0	0	5	0	0	0	2	0	0	0	0	0	0	0	1	0	0	0	0	0	0	0	0	0	0	0	0	3	12
OTU930	0	0	0	3	0	0	0	0	0	0	1	0	0	0	2	0	0	0	0	0	0	0	0	0	0	0	0	0	0	0	0	0	0	0	0	0	0	0	1	1	1
OTU456	0	0	0	40	0	0	0	15	0	0	28	0	0	0	38	0	0	0	2	0	0	0	1	0	0	0	0	0	0	0	0	0	0	0	0	4	0	0	0	9	24
OTU241	0	0	0	4	0	0	0	6	0	0	11	0	0	34	26	0	0	0	6	0	0	0	13	0	0	0	2	0	0	0	14	1	0	0	0	2	0	0	3	0	0
OTU809	0	0	0	48	0	0	0	20	0	0	61	0	0	0	97	0	0	0	38	0	0	0	25	0	0	0	2	0	0	0	9	1	0	0	0	48	0	0	2	23	12
OTU284	0	0	0	5	0	0	0	2	0	0	0	0	0	0	1	0	0	0	6	0	0	0	13	0	0	0	26	0	0	0	190	38	0	0	0	4	0	0	0	2	1
OTU788	0	0	0	13	0	0	0	1	0	0	0	0	0	0	0	0	0	0	0	0	0	0	0	0	0	0	1	0	0	0	0	4	0	0	0	0	0	0	0	1	5
OTU451	0	0	0	16	0	0	0	11	0	0	4	0	0	0	14	0	0	0	0	0	0	0	0	0	0	0	0	0	0	0	0	0	0	0	0	0	0	0	0	1	5
OTU110	0	0	0	87	0	0	0	73	0	0	43	0	0	0	108	0	0	0	52	0	0	0	38	0	0	0	9	0	0	0	15	17	0	0	0	16	0	0	9	24	39
OTU574	0	0	0	12	0	0	0	4	0	0	2	0	0	0	1	0	0	0	7	0	0	0	9	0	0	0	1	0	0	0	1	1	0	0	0	1	0	0	0	0	4
OTU476	0	0	0	20	0	0	0	5	0	0	2	0	0	0	19	0	0	0	10	0	0	0	9	0	0	0	3	0	0	0	1	1	0	0	0	5	0	0	1	5	5
OTU595	0	0	0	15	0	0	0	23	0	0	3	0	0	0	13	0	0	0	29	0	0	0	23	0	0	0	8	0	0	0	21	14	0	0	0	9	0	0	0	4	17
OTU552	0	0	0	16	0	0	0	5	0	0	474	0	0	0	116	0	0	0	219	0	0	0	127	0	0	0	117	0	0	0	60	16	0	0	0	129	0	0	0	12	3
OTU327	0	0	0	19	0	0	0	9	0	0	1	0	0	0	8	0	0	0	44	0	0	0	64	0	0	0	19	0	0	0	58	29	0	0	0	6	0	0	0	0	9
OTU228	0	0	0	27	0	0	0	25	0	0	29	0	0	0	40	0	0	0	1	0	0	0	0	0	0	0	0	0	0	0	0	0	0	0	0	9	0	0	1	9	20
OTU139	0	0	0	24	0	0	0	15	7	0	3	0	0	0	23	0	0	0	24	0	0	0	13	0	0	0	9	0	0	0	15	10	0	0	0	8	0	0	1	8	8
OTU358	0	0	0	24	0	0	0	14	0	0	9	0	0	0	7	0	0	0	0	0	0	0	1	0	0	0	0	0	0	0	0	0	0	0	0	10	0	0	0	4	20
OTU838	0	0	0	20	0	0	0	9	0	0	0	0	0	0	0	0	0	0	0	0	0	0	0	0	0	0	0	0	0	0	0	0	0	0	0	1	0	0	0	9	13
OTU361	0	0	0	8	0	0	0	18	0	0	4	0	0	0	5	0	0	0	0	0	0	0	1	0	0	0	0	0	0	0	0	0	0	0	0	1	0	0	0	9	18
OTU295	0	0	0	27	0	0	0	16	0	0	27	0	0	0	68	0	0	0	25	0	0	0	14	0	0	0	4	0	0	0	0	6	0	0	0	4	0	0	0	4	4
OTU418	0	0	0	9	0	0	0	12	0	0	7	0	0	0	10	0	0	0	0	0	0	0	0	0	0	0	0	0	0	0	0	0	0	0	0	0	0	0	0	2	9
OTU25	0	0	0	194	0	0	0	30	1	0	1332	0	0	0	1388	1	6	0	658	0	0	0	981	0	1	0	231	0	0	1	263	239	5	0	0	1626	0	0	27	98	27
OTU76	0	0	0	70	3	0	0	42	0	0	191	0	0	0	243	0	0	0	17	0	0	0	19	0	0	0	0	0	0	0	0	0	0	0	0	7	0	0	0	9	17
OTU853	0	0	0	4	0	0	0	0	0	0	0	0	0	0	0	0	0	0	2	0	0	0	1	0	0	0	1	0	0	0	6	6	0	0	0	0	0	0	0	0	1
OTU446	0	0	0	12	0	0	0	21	0	0	0	0	0	0	0	0	0	0	0	0	0	0	0	0	0	0	0	0	0	0	0	0	0	0	0	1	0	0	0	5	9
OTU739	0	0	0	12	0	0	0	7	0	0	507	0	0	0	56	0	0	0	65	0	0	0	82	0	0	0	40	0	0	0	174	57	0	2	0	302	0	0	1	49	3
OTU659	0	0	0	4	0	0	0	0	0	0	2	0	0	0	0	0	0	0	4	0	0	0	2	0	0	0	1	0	0	0	0	1	0	0	0	0	0	0	0	3	5
OTU397	0	0	0	50	0	0	0	32	0	0	20	0	0	0	44	0	0	0	56	0	0	0	38	0	0	0	14	0	0	0	22	27	0	0	0	4	0	0	1	7	9
OTU542	0	0	0	50	0	0	0	32	0	0	1	0	0	0	2	0	0	0	24	0	0	0	22	0	0	0	26	0	0	0	55	31	0	0	0	21	0	0	0	19	22
OTU363	0	0	0	12	0	0	0	4	0	0	16	0	0	0	22	0	0	0	2	0	0	0	1	0	0	0	0	0	0	0	0	0	0	0	0	0	0	0	1	2	3
OTU505	0	0	0	25	0	0	0	2	0	0	0	0	0	0	5	0	0	0	17	0	0	0	15	0	0	0	4	0	0	0	4	9	0	0	0	4	0	0	0	3	5
OTU191	0	0	0	18	0	0	0	20	0	1	222	0	0	0	352	0	0	0	178	0	0	0	246	0	0	0	38	0	0	0	69	27	0	0	0	6	0	0	3	8	10
OTU545	0	0	0	25	0	0	0	65	0	0	8	0	0	0	13	0	0	0	4	0	0	0	3	0	0	0	0	0	0	0	3	2	0	0	0	16	0	0	0	11	23
OTU73	0	0	0	25	0	0	0	1	0	0	11	0	0	0	74	0	0	2	102	0	0	0	219	0	0	0	8	0	0	0	85	31	0	0	0	5	0	0	0	0	5
OTU663	0	0	0	8	0	0	0	2	0	0	1	0	0	0	2	0	0	0	48	0	0	0	49	0	0	0	7	0	0	0	13	19	0	0	0	3	0	0	0	1	2
OTU258	0	0	0	29	0	0	0	9	0	0	0	0	0	0	1	0	0	0	0	0	0	0	0	0	0	0	0	0	0	0	0	0	0	0	0	0	0	0	0	0	3
OTU213	0	0	0	52	3	0	0	9	0	0	883	0	0	0	177	0	10	0	217	0	0	0	150	0	0	0	69	0	0	0	156	69	0	0	0	250	0	0	1	28	3
OTU921	0	0	0	3	0	0	0	0	0	0	0	0	0	0	0	0	0	0	0	0	0	0	0	0	0	0	0	0	0	0	0	1	0	0	0	1	0	0	0	0	0
OTU306	0	0	0	14	0	0	0	13	0	0	44	0	0	0	92	0	0	0	4	0	0	0	4	0	0	0	0	0	0	0	0	0	0	0	0	4	0	0	1	9	17
OTU840	0	0	0	11	0	0	0	2	0	0	0	0	0	0	1	0	0	0	0	0	0	0	0	0	0	0	0	0	0	0	0	0	0	0	0	0	0	0	0	0	0
OTU439	0	0	0	13	0	0	0	8	0	0	3	0	0	0	5	0	0	0	12	0	0	0	17	0	0	0	16	0	0	0	34	39	0	0	0	1	0	0	0	5	4
OTU535	0	0	0	10	0	0	0	1	0	0	0	0	0	0	0	0	0	0	3	0	0	0	7	0	0	0	2	0	0	0	6	12	0	0	0	0	0	0	0	0	0
OTU277	0	0	0	18	0	0	0	21	0	0	5	0	0	0	7	0	0	1	4	0	0	0	3	0	0	0	2	0	0	0	4	8	0	0	0	6	0	0	0	5	25
OTU198	0	0	0	56	0	0	0	26	0	0	0	0	0	0	1	0	0	0	24	0	0	0	36	0	0	0	8	0	0	0	10	16	0	0	0	4	0	0	0	7	9
OTU389	0	0	0	47	0	0	0	13	0	0	2	0	0	0	0	0	0	0	42	0	0	0	34	0	0	0	14	0	0	0	21	22	0	0	0	15	0	0	0	13	5
OTU668	0	0	0	32	0	0	0	50	0	0	29	0	0	0	62	0	0	0	12	0	0	0	12	0	0	0	0	0	0	0	8	4	0	0	0	6	0	0	2	17	31
OTU818	0	0	0	3	0	0	0	7	0	0	0	0	0	0	1	0	0	0	1	0	0	0	0	0	0	0	0	0	0	0	0	0	0	0	0	0	0	0	0	1	1
OTU95	0	0	0	14	0	0	0	11	0	0	4	0	0	0	3	0	0	0	65	0	0	0	93	0	0	0	60	0	0	0	230	52	0	0	0	38	0	0	0	10	7
OTU216	0	0	0	45	0	0	0	13	0	0	6	0	0	0	9	0	0	0	9	0	0	0	9	0	0	0	6	0	0	0	11	9	0	0	0	4	0	0	1	2	11
OTU220	0	0	0	33	0	0	0	20	0	0	13	0	0	0	15	0	0	0	0	0	0	0	0	0	0	0	0	0	0	0	0	0	0	0	0	0	0	0	0	2	1
OTU540	0	0	0	8	0	0	0	13	0	0	0	0	0	0	0	0	0	0	0	0	0	0	0	0	0	0	1	0	0	0	0	0	0	0	0	4	0	0	0	3	5
OTU908	0	0	0	3	0	0	0	17	0	0	0	0	0	0	8	0	0	0	1	0	0	0	2	0	0	0	0	0	0	0	0	0	0	0	0	0	2	0	0	0	0
OTU104	0	0	0	31	0	0	0	36	0	0	27	0	0	0	48	0	0	0	38	0	0	0	32	0	0	0	10	0	0	0	20	14	0	0	0	13	0	0	2	6	6
OTU833	0	0	0	4	0	0	0	0	0	0	0	0	0	0	0	0	0	0	0	0	0	0	0	0	0	0	0	0	0	0	0	0	0	0	0	0	0	0	0	0	0
OTU507	0	0	0	9	0	0	0	5	0	0	8	0	0	0	6	0	0	0	5	0	0	0	1	0	0	0	2	0	0	0	3	1	0	0	0	1	0	0	0	1	2
OTU336	0	0	0	6	0	0	0	4	0	0	5	0	0	0	6	0	0	0	1	0	0	0	0	0	0	0	0	0	0	0	0	0	0	0	0	0	0	0	0	5	2
OTU513	0	0	0	7	0	0	0	4	0	0	2	0	0	0	15	0	0	0	0	0	0	0	2	0	0	0	0	0	0	0	0	0	0	0	0	1	0	0	2	0	1
OTU469	0	0	0	17	0	0	0	9	0	0	0	0	0	0	1	0	0	0	0	0	0	0	5	0	0	0	0	0	0	0	1	0	0	0	0	0	0	0	0	1	1
OTU865	0	0	0	18	0	0	0	13	0	0	3	0	0	0	21	0	0	0	8	0	0	0	6	0	0	0	9	0	0	0	6	1	0	0	0	10	0	0	2	13	17
OTU816	0	0	0	11	0	0	0	6	0	0	29	0	0	0	104	0	0	0	14	0	0	0	48	0	0	0	6	0	0	0	1	1	0	0	0	4	0	0	1	0	0
OTU832	0	0	0	4	0	0	0	0	0	0	0	0	0	0	0	0	0	0	0	0	0	0	0	0	0	0	0	0	0	0	0	0	0	0	0	0	0	0	0	0	0
OTU846	0	0	0	17	0	0	0	7	0	0	1	0	0	0	0	0	0	0	0	0	0	0	0	0	0	0	1	0	0	0	1	0	0	0	0	0	0	0	0	0	3
OTU351	0	0	0	21	0	0	0	3	0	0	0	0	0	0	0	0	0	0	0	0	0	0	0	0	0	0	0	0	0	0	0	0	0	0	0	0	0	0	0	1	1
OTU377	0	0	0	16	0	0	0	9	0	0	6	0	0	0	5	0	0	0	0	0	0	0	0	0	0	0	0	0	0	0	0	0	0	0	0	2	0	0	0	1	3
OTU320	0	0	0	13	0	0	0	12	0	0	9	0	0	0	16	0	0	0	7	0	0	0	5	0	0	0	0	0	0	0	7	6	0	0	0	3	0	0	0	6	11
OTU27	0	0	0	6	0	0	31	21	0	0	0	0	0	0	2	0	0	0	0	0	1	0	18	0	55	0	0	1	104	6806	11	2	0	0	0	0	0	0	1	0	0
OTU532	0	0	0	11	0	0	0	11	0	0	0	0	0	0	0	0	0	0	0	0	0	0	0	0	0	0	0	0	0	0	0	0	0	0	0	0	0	0	0	3	8
OTU194	0	0	0	23	0	0	0	3	0	0	2	0	0	0	8	0	0	0	77	0	0	0	68	0	0	0	10	0	0	0	16	27	0	0	0	1	0	0	0	0	3
OTU893	0	0	0	3	0	0	0	1	0	0	0	0	0	0	0	0	0	0	0	0	0	0	0	0	0	0	0	0	0	0	0	0	0	0	0	0	0	0	0	0	0
OTU862	0	0	0	2	0	0	0	0	0	0	0	0	0	0	0	0	0	0	0	0	0	0	0	0	0	0	0	0	0	0	0	0	0	0	0	0	0	0	0	0	0
OTU307	0	0	0	72	0	0	0	4	0	0	0	0	0	0	0	0	0	0	0	0	0	0	0	0	0	0	0	0	0	0	2	1	0	0	0	1	0	0	0	0	1
OTU287	0	0	0	3	0	0	0	3	0	0	17	0	0	0	25	0	0	0	0	0	0	0	0	0	0	0	0	0	0	0	0	0	0	0	0	0	0	0	0	3	1
OTU879	0	0	0	2	0	0	0	6	0	0	0	0	0	0	0	0	0	0	0	0	0	0	0	0	0	0	0	0	0	0	0	0	0	0	0	0	0	0	0	0	6
OTU638	0	0	0	7	0	0	0	9	0	0	0	0	0	0	0	0	0	0	1	0	0	0	1	0	0	0	2	0	0	0	5	4	0	0	0	2	0	0	0	1	3
OTU958	0	0	0	11	0	0	0	10	0	0	0	0	0	0	1	0	0	0	0	0	0	0	1	0	0	0	2	0	0	0	0	0	0	0	0	1	0	0	0	3	9
OTU253	0	0	0	5	0	0	0	0	0	0	0	0	0	0	3	0	0	0	0	0	0	0	25	0	0	0	0	0	0	0	18	4	0	0	0	0	0	0	0	0	20
OTU716	0	0	0	13	0	0	0	12	0	0	6	0	0	0	9	0	0	0	0	0	0	0	0	0	0	0	0	0	0	0	0	0	0	0	0	0	0	0	0	2	7
OTU591	0	0	0	3	0	0	0	4	0	0	0	0	0	0	4	0	0	0	0	0	0	0	0	0	0	0	0	0	0	0	0	0	0	0	0	1	0	0	0	3	3
OTU393	0	0	0	11	0	0	0	12	0	0	5	0	0	0	7	0	0	0	1	0	0	0	2	0	0	0	0	0	0	0	0	0	0	0	0	3	0	0	0	13	24
OTU370	0	0	0	15	0	0	0	8	0	0	0	0	0	0	1	0	0	0	0	0	0	0	0	0	0	0	0	0	0	0	0	0	0	0	0	0	0	0	0	0	0
OTU335	0	0	0	12	0	0	0	5	0	0	0	0	0	0	0	0	0	0	1	0	0	0	4	0	0	0	2	0	0	0	4	0	0	0	0	1	0	0	0	2	4
OTU138	0	0	0	18	0	0	0	19	0	75	8	0	0	0	15	0	0	0	0	0	0	1	1	0	0	0	0	0	0	0	2	1	0	0	0	1	0	0	0	9	12
OTU174	0	0	0	20	0	0	0	4	0	0	0	0	0	0	4	0	0	0	6	0	0	0	9	0	0	0	11	0	0	0	96	23	0	0	0	24	0	0	0	4	4
OTU579	0	0	0	7	0	0	0	1	0	0	0	0	0	0	5	0	0	0	1	0	0	0	2	0	0	0	1	0	0	0	1	0	0	0	0	0	0	0	1	1	4
OTU413	0	0	0	9	0	0	0	3	0	0	0	0	0	0	0	0	0	0	0	0	0	0	0	0	0	0	2	0	0	0	1	1	0	0	0	0	0	0	0	4	1
OTU485	0	0	0	5	0	0	0	0	0	0	0	0	0	0	13	0	0	0	1	0	0	0	0	0	0	0	0	0	0	0	0	0	0	0	0	0	0	0	0	0	1
OTU345	0	0	0	59	0	0	0	46	0	0	7	0	0	1	29	0	0	0	13	0	0	0	13	0	0	0	3	0	0	0	4	8	0	0	0	5	0	0	0	13	18
OTU582	0	0	0	8	0	0	0	10	0	0	5	0	0	0	1	0	0	0	14	0	0	0	19	0	0	0	0	0	0	0	1	1	0	0	0	0	0	0	0	2	0
OTU819	0	0	0	7	0	0	0	0	0	0	120	0	0	0	16	1	0	0	35	0	0	0	22	0	0	0	10	0	0	0	15	5	0	0	0	30	0	0	0	2	0
OTU767	0	0	0	16	0	0	0	7	0	0	0	0	0	0	5	0	0	0	2	0	0	0	1	0	0	0	0	0	0	0	0	1	0	0	0	0	0	0	0	0	0
OTU430	0	0	0	6	0	0	0	3	0	0	2	0	0	0	0	0	0	0	0	0	0	0	0	0	0	0	0	0	0	0	0	0	0	0	0	6	0	0	0	1	9
OTU875	0	0	0	24	0	0	0	10	0	0	3	0	0	0	12	0	0	0	45	0	0	0	56	0	0	0	27	0	0	0	121	32	0	0	0	8	0	0	0	6	9
OTU341	0	0	0	14	0	0	0	8	0	0	0	0	0	0	2	0	0	0	0	0	0	0	0	0	0	0	0	0	0	0	3	1	0	0	0	0	0	0	0	0	2
OTU590	0	0	0	4	0	0	0	1	0	0	0	0	0	0	0	0	0	0	2	0	0	0	0	0	0	0	3	0	0	0	3	1	0	0	0	0	0	0	0	0	0
OTU263	0	0	0	3	0	0	0	6	0	0	13	0	0	0	21	0	0	0	2	0	0	0	1	0	0	0	0	0	0	0	1	1	0	0	0	0	0	0	0	1	1
OTU218	0	0	0	15	0	1	0	26	0	0	4	0	0	0	21	0	0	0	1	0	0	0	0	0	0	0	0	0	0	0	0	0	0	0	0	2	0	0	1	1	15
OTU730	0	0	0	1	0	0	7	0	0	0	0	0	0	0	0	0	0	0	0	0	0	0	0	0	0	0	0	0	0	0	1	0	0	0	0	0	0	0	0	0	0
OTU830	0	0	0	17	0	0	0	3	0	0	0	0	0	0	0	0	0	0	0	0	0	0	1	0	0	0	1	0	0	0	0	0	0	0	0	0	0	0	0	2	0
OTU845	0	0	0	9	0	0	0	7	0	0	0	0	0	0	2	0	0	0	13	0	0	0	13	0	0	0	0	0	0	0	3	7	0	0	0	3	0	0	0	2	2
OTU93	0	0	0	10	0	0	0	2	0	0	0	0	0	0	0	0	0	0	1	0	0	0	1	0	0	0	72	0	0	0	325	32	0	0	0	5	0	0	0	0	0
OTU433	0	0	0	6	0	0	0	19	0	0	28	0	0	0	35	0	0	0	13	0	0	0	11	0	0	0	0	0	0	0	1	2	0	0	0	3	0	0	1	5	8
OTU352	0	0	0	23	0	0	0	43	0	0	5	0	0	0	7	0	0	0	1	0	0	0	0	0	0	0	2	0	0	0	1	2	0	0	0	16	0	0	0	11	26
OTU897	0	0	0	3	0	0	0	0	0	0	1	0	0	0	0	0	0	0	1	0	0	0	2	0	0	0	0	0	0	0	0	0	0	0	0	0	0	0	0	1	2
OTU570	0	0	0	3	0	0	0	0	0	0	2	0	0	0	11	1	0	0	2	0	0	0	3	0	0	0	0	0	0	0	1	0	0	0	0	0	0	0	0	0	0
OTU473	0	0	0	5	0	0	0	5	0	0	0	0	0	0	0	0	0	0	0	0	0	0	0	0	0	0	0	0	0	0	0	0	0	0	0	0	0	0	0	3	4
OTU184	0	0	0	21	0	0	0	19	0	0	49	0	0	0	80	0	0	0	0	0	0	0	1	0	0	0	1	0	0	0	0	0	0	0	0	2	0	0	0	6	7
OTU608	0	0	0	10	0	0	0	5	0	0	0	0	0	0	1	0	0	0	1	0	0	0	1	0	0	0	0	0	0	0	0	0	0	0	0	2	0	0	0	9	23
OTU271	0	0	0	5	0	0	0	12	0	0	12	0	0	0	50	0	0	0	10	0	0	0	9	0	0	0	0	0	0	0	3	0	0	0	0	0	0	0	1	4	0
OTU419	0	0	0	2	0	0	0	9	0	0	4	0	0	0	1	0	0	0	0	0	0	0	1	0	0	0	0	0	0	0	0	0	0	0	0	7	0	0	0	13	5
OTU339	0	0	0	18	0	0	0	18	0	0	0	0	0	0	0	0	0	0	0	0	0	0	3	0	0	0	15	0	0	0	24	9	0	0	0	6	0	0	0	6	12
OTU839	0	0	0	4	0	0	0	9	0	0	1	0	0	0	0	0	0	0	0	0	0	0	0	0	0	0	0	0	0	0	0	0	0	0	0	0	0	0	0	0	1
OTU226	0	0	0	11	0	0	0	13	0	0	0	0	0	0	0	0	0	0	6	0	0	0	12	0	0	0	14	0	0	0	17	13	0	0	0	3	0	0	0	0	4
OTU851	0	0	0	10	0	0	0	15	0	0	6	0	0	0	13	0	0	0	2	0	0	0	1	0	0	0	0	0	0	0	0	0	0	0	0	4	0	0	0	9	19
OTU364	0	0	0	7	0	0	0	1	0	0	0	0	0	0	0	0	0	0	0	0	0	0	0	0	0	0	0	0	0	0	0	0	0	0	0	0	0	0	0	0	2
OTU34	0	0	0	3	0	0	0	1	0	0	554	0	0	0	3071	0	0	0	1	0	0	0	4	0	0	0	0	0	0	0	2	2	0	0	0	3	1	0	2	1	0
OTU91	0	0	0	23	0	0	0	1	0	0	51	0	0	0	0	0	0	0	1	0	0	0	4	0	0	0	279	0	0	0	6	0	0	0	0	107	0	0	0	1	0
OTU457	0	0	0	26	0	0	0	14	0	0	4	0	0	0	19	0	0	0	8	0	0	0	2	0	0	0	1	0	0	0	4	2	0	0	0	5	0	0	1	9	15
OTU164	0	0	0	10	0	0	0	1	0	0	141	0	0	0	198	0	0	0	1	0	0	0	6	0	0	0	0	0	0	0	0	0	0	0	0	0	0	0	0	1	0
OTU379	0	0	0	10	0	0	0	2	0	0	2	0	0	0	4	1	0	0	15	0	0	0	13	0	0	0	1	0	0	0	0	0	0	0	0	1	0	0	0	1	1
OTU596	0	0	0	6	0	0	0	1	0	0	11	0	0	0	17	0	1	0	17	0	0	0	29	0	0	0	12	0	0	0	18	17	0	0	0	66	0	0	0	4	1
OTU738	0	0	0	5	0	0	0	0	0	0	0	0	0	0	0	0	0	0	0	0	0	0	0	0	0	0	0	0	0	0	0	0	0	0	0	0	0	0	0	0	0
OTU423	0	0	0	21	0	0	0	31	0	0	2	0	0	0	1	0	0	0	0	0	0	0	0	0	0	0	0	0	0	0	0	0	0	0	0	7	0	0	0	3	17
OTU939	0	0	0	4	0	0	0	5	0	0	3	0	0	0	9	0	0	0	28	0	0	0	9	0	0	0	8	0	0	0	2	2	0	0	0	3	0	0	0	1	1
OTU544	0	0	0	2	0	0	0	3	0	0	1	0	0	0	9	0	0	0	1	0	0	0	0	0	0	0	0	0	0	0	0	0	0	0	0	0	0	0	0	2	2
OTU605	0	0	0	11	0	0	0	22	0	0	6	0	0	0	35	0	0	0	0	0	0	0	1	0	0	0	0	0	0	0	0	3	0	0	0	3	0	0	3	1	7
OTU346	0	0	0	10	0	0	0	13	0	0	9	0	0	0	19	0	0	0	0	0	0	0	0	0	0	0	0	0	0	0	0	0	0	0	0	0	0	0	0	5	11
OTU511	0	0	0	10	0	0	0	4	0	0	0	0	0	0	0	0	0	0	0	0	0	0	0	0	0	0	0	0	0	0	0	0	0	0	0	1	0	0	0	2	5
OTU634	0	0	0	60	0	0	0	46	1	0	99	0	0	0	108	0	0	0	64	0	0	0	71	0	0	0	9	0	0	0	39	24	0	0	0	29	0	0	0	22	56
OTU592	0	0	0	2	0	0	0	2	0	0	0	0	0	0	1	0	0	0	0	0	0	0	0	0	0	0	0	0	0	0	0	0	0	0	0	0	0	0	0	1	7
OTU760	0	0	0	2	0	0	0	0	0	0	0	0	0	0	0	0	0	0	0	0	0	0	0	0	0	0	0	0	0	0	0	0	0	0	0	0	0	0	0	0	0
OTU450	0	0	0	5	0	0	0	0	0	0	0	0	0	0	0	0	0	0	0	0	0	0	2	0	0	0	5	0	0	0	81	11	0	0	0	2	0	0	0	0	0
OTU705	0	0	0	4	0	0	0	8	0	0	1	0	0	0	2	0	0	0	0	0	0	0	1	0	0	0	0	0	0	0	0	0	0	0	0	1	0	0	0	1	3
OTU901	0	0	0	13	0	0	0	6	0	0	9	0	0	0	9	0	0	0	1	0	0	0	0	0	0	0	0	0	0	0	2	3	0	0	0	1	0	0	0	2	0
OTU151	0	0	0	10	0	0	0	40	0	0	2	0	0	0	3	0	0	0	0	1	0	0	0	0	0	0	0	0	0	0	0	0	0	0	0	4	0	0	1	19	25
OTU857	0	0	0	24	0	0	0	24	0	0	30	0	0	0	71	0	0	0	11	0	0	0	8	0	0	0	0	0	0	0	0	0	0	0	0	1	0	0	0	7	16
OTU828	0	0	0	2	0	0	0	1	0	0	0	0	0	0	2	0	0	0	0	0	0	0	0	0	0	0	0	0	0	0	0	0	0	0	0	0	1	0	0	0	0
OTU858	0	0	0	2	0	0	0	0	0	0	0	0	0	0	0	0	0	0	1	0	0	0	2	0	0	0	5	0	0	0	6	5	0	0	0	0	0	0	0	1	0
OTU402	0	0	0	4	0	0	0	3	0	0	3	0	0	0	9	0	0	0	0	0	0	0	2	0	0	0	0	0	0	0	0	0	0	0	0	2	0	0	0	1	8
OTU948	0	0	0	2	0	0	0	1	0	0	0	0	0	0	0	0	0	0	0	0	0	0	0	0	0	0	0	0	0	0	27	0	0	0	0	0	0	0	0	0	0
OTU367	0	0	0	2	0	0	0	0	0	0	0	0	0	0	0	0	0	0	0	0	0	0	0	0	0	0	0	25	1	0	0	0	0	0	0	0	0	0	0	0	0
OTU75	0	0	0	12	0	0	0	13	0	0	7	0	0	0	1	0	0	1	7	0	0	0	12	0	0	0	396	0	0	0	3	1	0	0	0	287	0	1	0	23	1
OTU118	0	0	0	4	0	0	0	1	1	0	0	0	0	0	1	0	0	0	51	0	0	0	76	0	0	0	17	0	0	0	71	9	0	0	0	5	0	0	0	0	0
OTU886	0	0	0	3	0	0	0	0	0	0	0	0	0	0	0	0	0	0	0	0	0	0	0	0	0	0	0	0	0	0	0	0	0	0	0	3	0	0	0	0	0
OTU528	0	0	0	11	0	0	0	2	0	0	6	0	0	0	0	0	0	0	0	0	0	0	0	0	0	0	0	0	0	0	0	0	0	0	0	2	0	0	0	0	3
OTU278	0	0	0	6	0	0	0	12	0	0	7	0	0	0	35	0	0	0	0	0	0	0	0	0	0	0	0	0	0	0	0	0	0	0	0	2	0	0	0	6	9
OTU495	0	0	0	3	0	0	0	3	0	0	0	0	0	0	1	0	0	0	0	0	0	0	0	0	0	0	0	0	0	0	0	0	0	0	0	0	0	0	0	1	5
OTU504	0	0	0	5	0	0	0	11	0	0	2	0	0	0	3	0	0	0	0	0	0	0	0	0	0	0	0	0	0	0	0	0	0	0	0	0	0	0	0	0	1
OTU452	0	0	0	7	0	0	0	1	0	0	0	0	0	0	0	0	0	0	0	0	0	0	0	0	0	0	0	0	0	0	0	5	0	0	0	0	0	0	0	1	0
OTU396	0	0	0	1	0	0	0	2	0	0	11	0	0	0	0	0	0	0	5	0	0	0	3	0	0	0	10	0	0	0	2	8	0	0	0	49	0	0	0	0	0
OTU587	0	0	0	2	0	0	0	0	0	0	1	0	0	0	0	0	0	0	0	0	0	0	0	0	0	0	2	0	0	0	6	2	0	0	0	6	0	0	0	1	0
OTU366	0	0	0	18	0	0	0	11	0	0	1	0	0	0	1	0	0	0	8	0	0	0	8	0	0	0	2	0	0	0	17	9	0	0	0	3	0	0	0	0	2
OTU79	0	0	0	17	0	0	0	6	0	0	86	0	0	0	281	0	0	0	89	0	0	0	149	1	0	0	8	0	0	0	60	4	0	0	0	6	0	0	11	0	0
OTU267	0	0	0	16	0	0	0	3	0	0	26	0	0	0	25	0	0	0	63	0	0	0	44	0	0	0	9	0	0	0	15	28	0	0	0	0	0	0	0	2	3
OTU129	0	0	0	20	0	0	0	3	0	0	0	0	0	0	7	0	0	0	105	0	0	0	341	0	0	0	21	0	0	0	139	30	0	0	0	13	0	0	0	5	1
OTU541	0	0	0	8	0	0	0	7	0	0	3	0	0	0	4	0	0	0	1	0	0	0	2	0	0	0	0	0	0	0	0	0	0	0	0	0	0	0	1	1	0
OTU296	0	0	0	7	0	0	0	3	0	0	1	0	0	0	0	0	0	0	0	0	0	0	0	0	0	0	0	0	0	0	0	0	0	0	0	2	0	0	0	4	11
OTU405	0	0	0	6	0	0	0	4	0	0	2	0	0	0	8	0	0	0	0	0	0	0	0	0	0	0	0	0	0	0	0	0	0	0	0	0	0	0	0	3	7
OTU927	0	0	0	11	0	0	0	19	0	0	1	0	0	0	16	0	0	0	12	0	0	0	7	0	0	0	7	0	0	0	1	2	0	0	0	11	0	0	0	3	6
OTU872	0	0	0	1	0	0	0	1	0	0	0	0	0	0	0	0	0	0	0	0	0	0	0	0	0	0	0	0	0	0	0	0	0	0	0	0	0	0	0	2	0
OTU322	0	0	0	3	0	0	0	13	0	0	7	0	0	0	12	0	0	0	0	0	0	0	1	0	0	0	0	0	0	0	0	0	0	0	0	0	0	0	0	0	1
OTU597	0	0	0	1	0	0	0	2	0	0	0	0	0	0	0	0	0	0	0	0	0	0	0	0	0	0	0	0	0	0	2	0	0	0	0	0	0	0	0	0	0
OTU773	0	0	0	2	0	0	0	0	0	0	0	0	0	0	0	0	0	0	0	0	0	0	0	0	0	0	0	0	0	0	0	0	0	0	0	0	0	0	0	0	0
OTU321	0	0	0	4	0	0	0	0	0	0	15	0	0	0	25	0	0	0	2	0	0	0	3	0	1	0	0	0	0	0	0	0	0	0	0	1	0	0	0	0	0
OTU919	0	0	0	1	0	0	0	17	0	0	0	0	0	0	0	0	0	0	0	0	0	0	0	0	0	0	0	0	0	0	0	1	0	0	0	0	0	0	0	0	0
OTU954	0	0	0	2	0	0	0	8	0	0	0	0	0	0	5	0	0	0	4	0	0	0	4	0	0	0	1	0	0	0	3	0	0	0	0	1	0	0	0	1	0
OTU694	0	0	0	6	0	0	0	3	0	0	47	0	0	0	126	0	0	0	17	0	0	0	7	0	0	0	6	0	0	0	2	0	0	0	0	13	0	0	0	0	1
OTU904	0	0	0	1	0	0	0	4	0	0	0	0	0	0	10	0	0	0	0	0	0	0	4	0	0	0	0	0	0	0	8	0	0	0	0	0	0	0	0	0	0
OTU244	0	0	0	7	0	0	0	5	0	0	7	0	0	0	30	0	0	0	0	0	0	0	3	0	0	0	0	0	0	0	0	0	0	0	0	0	0	0	0	0	2
OTU260	0	0	0	5	0	0	0	15	0	0	3	0	0	0	3	0	0	0	0	0	0	0	1	0	0	0	0	0	0	0	0	0	0	0	0	1	0	0	0	2	8
OTU740	0	0	0	2	0	0	0	0	0	0	0	0	0	0	3	0	0	0	0	0	0	0	0	0	0	0	0	0	0	0	0	3	0	0	0	0	0	0	0	0	1
OTU902	0	0	0	9	0	0	0	4	0	0	5	0	0	0	11	0	0	0	1	0	0	0	3	0	0	0	2	0	0	0	2	2	0	0	0	7	0	0	0	1	6
OTU831	0	0	0	2	0	0	0	0	0	0	0	0	0	0	1	0	0	0	0	0	0	0	0	0	0	0	0	0	0	0	0	0	0	0	0	0	0	0	0	0	2
OTU324	0	0	0	1	0	0	0	3	0	0	0	0	0	0	82	0	0	0	0	0	0	0	4	0	0	0	0	0	0	0	0	0	0	0	0	0	0	0	4	0	0
OTU928	0	0	0	11	0	0	0	7	0	0	3	0	0	0	5	0	0	0	1	0	0	0	1	0	0	0	0	0	0	0	0	0	0	0	0	3	0	0	0	4	13
OTU109	0	0	0	8	0	0	0	0	0	0	26	0	0	0	10	0	0	0	48	0	0	0	53	0	0	0	32	0	0	0	226	69	0	0	0	7	0	0	0	1	0
OTU867	0	0	0	1	0	0	0	4	0	0	0	0	0	0	0	0	0	0	0	0	0	0	1	0	0	0	0	0	0	0	0	0	0	0	0	0	0	0	0	0	0
OTU944	0	0	0	4	0	0	0	4	0	0	0	0	0	0	0	0	0	0	0	0	0	0	0	0	0	0	0	0	0	0	0	0	0	0	0	1	0	0	0	0	2
OTU340	0	0	0	4	0	0	0	5	0	0	2	0	0	0	5	0	0	0	1	0	0	0	4	0	0	0	0	0	0	0	5	0	0	0	0	0	0	0	0	0	0
OTU524	0	0	0	5	0	0	0	10	0	0	6	0	0	0	5	0	0	0	0	0	0	0	5	0	0	0	0	0	0	0	0	0	0	0	0	1	0	0	0	0	3
OTU769	0	0	0	4	0	0	0	1	0	0	0	0	0	0	0	0	0	0	0	0	0	0	0	0	0	0	2	0	0	0	1	2	0	0	0	0	0	0	0	0	2
OTU319	0	0	0	2	0	22	0	0	0	0	0	0	0	0	0	0	0	0	0	0	1	0	0	13	27	0	0	0	0	0	0	0	27	0	0	0	0	0	0	0	0
OTU509	0	0	0	6	0	0	0	0	0	0	0	0	0	0	0	0	0	0	0	0	0	0	0	0	0	0	0	0	0	0	0	0	0	0	0	1	0	0	0	1	2
OTU883	0	0	0	10	0	0	0	5	0	0	5	0	0	0	9	0	0	0	0	0	0	0	1	0	0	0	0	0	0	0	0	0	0	0	0	0	0	0	0	1	0
OTU776	0	0	0	3	0	0	0	2	0	0	0	0	0	0	0	0	0	0	0	0	0	0	0	0	0	0	0	0	0	0	0	0	0	0	0	0	0	0	0	0	0
OTU942	0	0	0	2	0	0	0	2	0	0	0	0	0	0	4	0	0	0	0	0	0	0	0	0	0	0	0	0	0	0	1	0	0	0	0	1	0	0	0	2	2
OTU215	0	0	0	17	0	0	0	68	0	0	0	0	0	0	1	0	0	0	0	0	0	0	1	0	0	0	1	0	0	0	1	0	0	0	0	4	0	0	0	9	30
OTU841	0	0	0	4	0	0	0	0	0	0	0	0	0	0	2	0	0	0	1	0	0	0	0	0	0	0	0	0	0	0	0	0	0	0	0	0	0	0	0	0	0
OTU537	0	0	0	1	0	0	0	7	0	0	0	0	0	0	2	0	0	0	0	0	0	0	0	0	0	0	0	0	0	0	0	0	0	0	0	0	0	0	0	1	7
OTU208	0	0	0	13	0	0	0	12	0	0	10	0	0	0	38	0	0	0	43	0	0	0	30	0	0	0	0	0	0	0	2	5	0	0	0	7	0	0	0	1	3
OTU645	0	0	0	4	0	0	0	4	0	0	1	0	0	0	0	0	0	0	0	0	0	0	0	0	0	0	0	0	0	0	0	0	0	0	0	0	0	0	0	1	1
OTU54	0	0	0	6	1078	108	0	6	0	0	0	0	0	2	0	0	0	0	3	0	0	0	8	0	0	0	2	0	0	0	9	8	0	0	0	1	2557	3	1	8	10
OTU200	0	0	0	2	0	0	0	0	0	0	32	0	0	0	67	0	0	0	37	0	0	0	27	0	0	0	0	0	0	0	0	0	0	0	0	2	0	0	0	1	1
OTU959	0	0	0	7	0	0	0	0	0	0	0	0	0	0	3	0	0	0	0	0	0	0	0	0	0	0	0	0	0	0	0	0	0	0	0	0	0	0	0	0	0
OTU844	0	0	0	3	0	0	0	0	0	0	0	0	0	0	0	0	0	0	0	0	0	0	0	0	0	0	0	0	0	0	0	0	0	0	0	0	0	0	0	0	0
OTU607	0	0	0	14	0	0	0	0	0	0	0	0	0	0	1	7	0	0	46	0	0	0	34	0	0	0	21	0	0	0	34	55	0	0	0	0	0	0	0	2	2
OTU536	0	0	0	3	0	0	0	2	0	0	5	0	0	0	17	0	0	0	2	0	0	0	0	0	0	0	0	0	0	0	0	0	0	0	0	0	0	0	0	0	2
OTU317	0	0	0	2	0	0	0	2	0	0	11	0	0	0	21	0	0	0	3	0	0	0	3	0	0	0	0	0	0	0	0	0	0	0	0	0	0	0	0	3	3
OTU842	0	0	0	6	0	0	0	0	0	0	44	0	0	0	12	0	0	0	18	0	0	0	9	0	0	0	8	0	0	0	7	8	0	0	0	11	0	0	0	2	2
OTU283	0	0	0	10	0	0	0	1	0	0	1	0	0	0	27	0	0	0	0	5	0	0	9	0	0	0	0	0	0	1	0	1	0	0	0	0	0	0	0	0	6
OTU806	0	0	0	8	0	0	0	15	0	0	7	0	0	0	7	0	0	0	7	0	0	0	4	0	0	0	3	0	0	0	2	0	0	0	0	0	0	0	0	2	5
OTU881	0	0	0	2	0	0	0	0	0	0	0	0	0	0	0	0	0	0	1	0	0	0	0	0	0	0	0	0	0	0	0	0	0	0	0	0	0	0	0	0	0
OTU718	0	0	0	3	0	0	0	1	0	0	0	0	0	0	10	0	0	0	0	0	0	0	0	0	0	0	0	0	0	0	0	0	0	0	0	0	0	0	0	0	0
OTU517	0	0	0	9	0	0	0	9	0	0	1	0	0	0	1	0	0	0	21	0	0	0	31	0	0	0	18	0	0	0	99	196	0	0	0	61	0	0	0	126	48
OTU468	0	0	0	1	0	0	0	0	0	0	0	0	0	0	6	0	0	0	9	0	0	0	3	0	0	0	0	0	0	0	2	1	0	0	0	0	0	0	0	0	0
OTU426	0	0	0	7	0	0	0	4	0	0	0	0	0	0	0	0	0	0	0	0	0	0	0	0	0	0	4	0	0	0	1	6	0	0	0	3	0	0	0	0	5
OTU463	0	0	0	1	0	0	0	6	0	0	1	0	0	0	7	0	0	0	0	0	0	0	0	0	0	0	0	0	0	0	0	0	0	0	0	1	0	0	0	3	3
OTU820	0	0	0	6	0	0	0	2	0	0	1	0	0	0	9	0	0	0	0	0	0	0	0	0	0	0	0	0	0	0	0	0	0	0	0	0	0	0	0	1	0
OTU478	0	0	0	4	0	0	0	3	0	0	0	0	0	0	1	0	0	0	0	0	0	0	1	0	0	0	0	0	0	0	0	0	0	0	0	2	0	0	0	10	4
OTU434	0	0	0	1	0	0	0	0	0	0	0	0	0	0	0	0	0	0	29	0	0	0	3	0	0	0	0	0	0	0	0	0	0	0	0	0	0	0	0	0	1
OTU725	0	0	0	2	0	0	0	3	0	0	0	0	0	0	0	0	0	0	0	0	0	0	0	0	0	0	0	0	0	0	0	0	0	0	0	1	0	0	0	0	2
OTU951	0	0	0	1	0	0	0	0	0	0	0	0	0	0	1	0	0	0	0	0	0	0	1	0	0	0	0	0	0	0	4	0	0	0	0	0	0	0	0	0	3
OTU458	0	0	0	1	0	0	0	0	0	0	0	0	0	0	0	0	0	0	5	0	0	0	10	0	0	0	5	0	0	0	19	12	0	0	0	0	0	0	0	2	3
OTU539	0	0	0	4	0	0	0	0	0	0	0	0	0	0	2	0	0	0	0	0	0	0	0	0	0	0	0	0	0	0	0	0	0	0	0	0	0	0	0	0	0
OTU704	0	0	0	2	0	0	0	16	0	0	3	0	0	0	24	0	0	0	0	0	0	0	5	0	0	0	0	0	0	0	5	2	0	0	0	1	0	0	1	2	0
OTU422	0	0	0	6	0	0	0	7	0	0	713	0	0	0	88	0	0	0	238	0	0	0	139	1	1	0	287	0	3	0	101	41	0	1	0	243	0	0	3	35	6
OTU712	0	0	0	14	0	0	0	5	0	0	12	0	0	0	14	0	0	0	2	0	0	0	0	0	0	0	1	0	0	0	1	0	0	0	0	3	0	0	0	4	7
OTU354	0	0	0	2	0	0	0	7	0	0	0	0	0	0	0	0	0	0	18	4	0	0	22	0	0	0	4	0	0	0	10	2	0	0	0	1	0	0	0	0	1
OTU274	0	0	0	11	0	0	0	3	0	0	0	0	0	0	0	0	0	0	0	0	0	0	0	0	0	0	0	0	0	0	0	0	0	0	0	3	0	0	0	2	24
OTU890	0	0	0	1	0	0	0	0	0	0	1	0	0	0	7	0	0	0	0	0	0	0	0	0	0	0	0	0	0	0	0	4	0	0	0	0	0	0	0	0	0
OTU548	0	0	0	9	0	0	0	24	0	0	1	0	0	0	0	0	0	0	0	0	0	0	1	0	0	0	1	0	0	0	0	0	0	0	0	2	0	0	0	1	7
OTU674	0	0	0	6	0	0	0	3	0	0	4	0	0	0	6	0	0	0	10	0	0	0	10	0	0	0	1	0	0	0	1	2	0	0	0	1	0	0	0	0	1
OTU775	0	0	0	6	0	1	0	6	0	0	4	0	0	0	6	0	0	0	0	0	0	0	0	0	0	0	0	0	0	0	0	0	0	0	0	2	0	0	0	1	1
OTU550	0	0	0	1	0	0	0	4	0	0	0	0	0	0	117	0	0	0	1	0	0	0	1	0	0	0	0	0	0	0	4	0	0	0	0	0	0	0	0	1	0
OTU442	0	0	0	5	0	0	0	8	0	0	26	0	0	0	1	0	0	0	1	0	0	0	1	0	0	0	2	0	0	0	2	0	0	0	0	1	0	0	0	0	0
OTU594	0	0	0	2	0	0	0	4	0	0	2	0	0	0	2	0	0	0	0	0	0	0	0	0	0	0	0	0	0	0	0	0	0	0	0	0	0	0	0	0	1
OTU276	0	0	0	4	0	0	0	2	0	0	8	0	0	0	0	0	0	0	18	0	0	0	18	0	0	0	7	0	0	0	12	11	0	0	0	3	0	0	0	1	0
OTU843	0	0	0	6	0	0	0	2	0	0	3	0	0	0	10	0	0	0	0	0	0	0	0	0	0	0	0	0	0	0	0	0	0	0	0	0	0	0	0	2	0
OTU731	0	0	0	5	0	0	0	0	0	0	1	0	0	0	2	0	0	0	0	0	0	0	1	0	0	0	0	0	0	0	0	1	0	0	0	0	0	0	0	0	0
OTU153	0	0	0	9	0	0	0	11	0	0	0	0	0	0	0	0	0	0	18	0	0	0	35	0	0	0	33	0	0	0	32	60	0	0	0	11	0	0	0	12	11
OTU503	0	0	0	1	0	0	0	5	0	0	1	0	0	0	7	0	0	0	0	0	0	0	4	0	0	0	0	0	0	0	14	0	0	0	0	0	0	0	0	0	0
OTU923	0	0	0	2	0	0	0	1	0	0	0	0	0	0	0	0	0	0	1	0	0	0	3	0	0	0	0	0	0	0	0	0	0	0	0	0	0	0	0	0	0
OTU355	0	0	0	3	0	0	0	4	0	0	3	0	0	0	2	0	0	0	3	0	0	0	4	0	0	0	2	0	0	0	0	3	0	0	0	1	0	0	0	1	0
OTU823	0	0	0	1	0	0	0	1	0	0	2	0	0	0	4	0	0	0	2	0	0	0	0	0	0	0	0	0	0	0	1	0	0	0	0	2	0	0	0	1	1
OTU310	0	0	0	7	0	0	0	1	0	0	3	0	0	0	16	0	0	0	8	0	0	0	8	0	0	0	0	0	0	0	1	0	0	0	0	0	0	0	0	3	0
OTU588	0	0	0	3	0	0	0	2	0	0	0	0	0	0	0	0	0	0	0	0	0	0	1	0	0	0	2	0	0	0	2	5	0	0	0	0	0	0	0	0	1
OTU956	0	0	0	2	0	0	0	2	0	0	0	0	0	0	4	0	0	0	0	0	0	0	0	0	0	0	0	0	0	0	0	0	0	0	0	0	0	0	0	0	0
OTU438	0	0	0	4	0	0	0	8	0	0	2	0	0	0	13	0	0	0	0	0	0	0	0	0	0	0	0	0	0	0	0	0	0	0	0	0	0	0	0	2	5
OTU614	0	0	0	7	0	0	0	3	0	0	0	0	0	0	0	0	0	0	12	0	0	0	10	0	0	0	7	0	0	0	8	4	0	0	0	1	0	0	0	2	2
OTU400	0	0	0	5	0	0	0	0	0	0	19	0	0	37	6	0	0	0	3	0	0	0	2	0	0	0	18	0	0	0	3	2	0	0	0	59	0	0	0	4	0
OTU493	0	0	0	2	0	0	0	8	0	0	0	0	0	0	1	0	0	0	0	0	0	0	0	0	0	0	0	0	0	0	0	0	0	0	0	1	0	0	0	0	3
OTU474	0	0	0	2	0	0	0	2	0	0	1	0	0	0	12	0	0	0	0	0	0	0	0	0	0	0	0	0	0	0	0	0	0	0	0	0	0	0	0	0	3
OTU508	0	0	0	2	0	0	0	6	0	0	0	0	0	0	1	0	0	0	0	0	0	0	0	0	0	0	0	0	0	0	0	0	0	0	0	0	0	0	0	1	0
OTU877	0	0	0	3	0	0	0	3	0	0	0	0	0	0	0	0	1	0	0	0	0	0	0	0	0	0	0	0	0	0	1	0	0	0	0	0	0	0	0	0	0
OTU749	0	0	0	1	0	0	0	1	0	0	0	0	0	0	0	0	0	0	0	0	0	0	0	0	0	0	0	0	0	0	3	0	0	0	0	0	0	0	0	0	0
OTU894	0	0	0	2	0	0	0	4	0	0	0	0	0	0	0	0	0	0	0	0	0	0	0	0	0	0	0	0	0	0	0	0	0	0	0	0	0	0	0	1	3
OTU742	0	0	0	1	0	0	0	0	0	0	1	0	0	0	3	0	0	0	0	0	0	0	3	0	0	0	0	0	0	0	2	0	0	0	0	0	0	0	0	0	0
OTU417	0	0	0	1	0	0	0	6	0	0	15	0	0	0	3	0	0	0	1	0	0	0	2	0	0	0	1	0	0	0	1	0	0	0	0	8	43	0	0	1	0
OTU756	0	0	0	2	0	0	0	1	0	0	0	0	0	17	14	0	0	0	1	0	0	0	1	0	0	0	0	0	0	0	6	0	0	0	0	0	0	0	0	1	0
OTU889	0	0	0	2	0	0	0	0	0	0	1	0	0	0	2	0	0	0	0	0	0	0	0	0	0	0	0	0	0	0	0	0	0	0	0	0	0	0	0	0	0
OTU553	0	0	0	4	0	0	0	2	0	0	0	0	0	0	0	0	0	0	0	0	0	0	0	0	0	0	1	0	0	0	1	1	0	0	0	5	0	0	0	3	15
OTU934	0	0	0	1	0	0	0	0	0	0	0	0	0	0	0	0	0	0	0	0	0	0	0	0	0	0	1	0	0	0	0	0	0	0	0	3	0	0	0	0	0
OTU527	0	0	0	1	0	0	0	1	0	0	9	0	0	0	9	0	0	0	0	0	0	0	0	0	0	0	0	0	0	0	0	0	0	0	0	1	0	0	1	0	2
OTU360	0	0	0	2	0	0	0	10	0	0	2	0	0	0	0	0	0	0	0	0	0	0	0	0	0	0	1	0	0	0	0	9	0	0	0	2	0	0	0	6	12
OTU560	0	0	0	1	0	0	0	0	0	0	0	0	0	0	0	0	0	0	7	0	0	0	1	0	0	0	1	0	0	0	1	0	0	0	0	1	0	0	0	1	8
OTU891	0	0	0	2	0	0	0	2	0	0	0	0	0	0	0	0	0	0	0	0	0	0	0	0	0	0	0	0	0	0	1	1	0	0	0	0	0	0	0	0	2
OTU378	0	0	0	1	0	0	0	0	0	0	0	0	0	0	0	0	0	0	0	0	0	0	0	0	0	0	2	0	0	0	0	0	0	0	0	31	0	0	0	2	1
OTU703	0	0	0	1	0	0	0	2	0	0	0	0	0	0	0	0	0	0	0	0	0	0	1	0	0	0	0	0	0	0	1	0	0	0	0	0	0	0	0	0	0
OTU427	0	0	0	2	0	0	0	7	0	0	1	0	0	0	4	0	0	0	0	0	0	0	0	0	0	0	0	0	0	0	0	0	0	0	0	2	0	0	0	1	5
OTU314	0	0	0	4	0	0	0	0	0	0	0	0	0	0	1	0	0	0	0	0	0	0	3	0	0	0	0	0	0	0	1	0	0	0	0	0	78	0	0	1	0
OTU922	0	0	0	2	0	0	0	0	0	0	0	0	0	0	0	0	0	0	0	0	0	0	0	0	0	0	2	0	0	0	2	3	0	0	0	1	0	0	0	2	3
OTU178	0	0	0	1	0	0	0	0	0	0	0	0	0	0	0	0	0	0	0	0	0	0	0	0	0	0	5	0	0	0	131	28	0	0	0	1	0	0	0	2	2
OTU585	0	0	0	1	0	0	0	2	0	0	0	0	0	0	1	0	0	0	0	0	0	0	0	0	0	0	0	0	0	0	3	0	0	0	0	7	0	0	0	1	0
OTU962	0	0	0	2	0	0	0	0	0	0	3	0	0	0	2	0	0	0	0	0	0	0	0	0	0	0	1	0	0	0	0	0	0	0	0	2	0	0	0	0	1
OTU949	0	0	0	1	0	0	0	0	0	0	0	0	0	0	4	0	0	0	0	0	0	0	0	0	0	0	0	0	0	0	0	0	0	0	0	0	0	0	0	0	0
OTU466	0	0	0	2	0	0	0	3	0	0	0	0	0	0	0	0	0	0	0	0	0	0	0	0	0	0	6	0	0	0	14	20	0	0	0	1	0	0	0	0	0
OTU479	0	0	0	1	0	0	0	6	0	0	2	0	0	0	7	0	0	0	0	0	0	0	0	0	0	0	1	0	0	0	0	1	0	0	0	0	0	0	0	0	4
OTU863	0	0	0	1	0	0	0	5	0	0	0	0	0	0	0	0	0	0	0	0	0	0	0	0	0	0	0	0	0	0	0	0	0	0	0	0	0	0	0	0	1
OTU170	0	0	0	1	0	0	0	0	0	0	0	0	0	0	0	0	0	2	0	0	0	0	0	0	0	0	0	0	408	0	1	0	0	0	0	0	0	0	2	0	0
OTU347	0	0	0	1	0	0	0	0	0	0	19	0	0	0	34	0	0	0	3	0	0	0	8	0	0	0	0	0	0	0	1	1	0	0	0	1	0	0	0	0	1
OTU824	0	0	0	1	0	0	0	0	0	0	3	0	0	0	6	0	0	0	24	0	0	0	7	0	0	0	6	0	0	0	1	0	0	0	0	16	0	0	0	0	0
OTU936	0	0	0	2	0	0	0	0	0	0	1	0	0	0	18	0	0	0	0	0	0	0	4	0	0	0	0	0	0	0	1	0	0	0	0	1	0	0	0	0	0
OTU606	0	0	0	1	0	0	0	2	0	0	0	0	0	0	3	0	0	0	0	0	0	0	1	0	0	0	0	0	0	0	0	0	0	0	0	1	0	0	0	0	1
OTU374	0	0	0	1	0	1	0	2	0	0	0	0	0	0	12	0	0	0	0	0	0	0	5	0	0	0	7	0	51	0	10	0	0	0	0	0	0	0	0	0	2
OTU629	0	0	0	1	0	0	0	1	0	0	0	0	0	0	0	0	0	0	0	0	0	0	0	0	0	0	2	0	0	0	0	0	0	0	0	0	0	0	0	0	0
OTU392	0	0	0	1	0	0	0	10	0	0	9	0	0	0	2	3	12	0	4	0	0	0	0	0	18	0	0	0	0	0	0	2	0	0	0	12	0	0	2	0	1
OTU461	0	0	0	1	0	0	0	5	0	0	7	0	0	0	3	0	0	0	0	0	0	0	1	0	0	0	0	0	0	0	0	0	0	0	0	0	0	0	0	0	2
OTU148	0	0	0	1	3	0	14	973	23	0	0	0	0	0	1	0	0	0	1	0	0	0	0	0	0	0	0	0	0	0	0	2	0	1	0	1	0	0	0	0	1
OTU692	0	0	0	1	0	0	0	0	0	0	0	0	0	0	5	0	0	0	0	0	0	0	0	0	0	0	0	0	0	0	0	0	0	0	0	0	0	0	0	0	0
OTU472	0	0	0	1	0	0	0	2	0	0	0	0	0	0	1	0	0	0	0	0	0	0	0	0	0	0	0	0	0	0	0	0	0	0	0	0	0	0	0	0	0
OTU249	0	0	0	2	20	9	27	0	0	0	0	0	0	0	1	0	0	0	0	0	0	0	0	0	0	0	0	0	0	0	0	1	0	0	0	0	0	0	0	0	0
OTU763	0	0	0	1	0	0	0	1	0	0	1	0	0	0	7	0	0	0	1	0	0	0	3	0	0	0	0	0	0	0	0	0	0	0	0	1	0	0	0	0	0
OTU331	0	0	0	1	0	0	0	2	0	0	0	0	0	0	0	0	0	0	0	0	0	0	0	0	0	0	6	0	0	0	13	10	0	0	0	0	0	0	0	0	0
OTU447	0	0	0	2	0	0	0	6	0	0	2	0	0	0	2	0	0	0	0	0	0	0	0	0	0	0	2	0	0	0	0	0	0	0	0	6	0	0	0	9	14
OTU199	0	0	0	2	0	0	0	0	0	0	0	0	0	0	0	0	0	0	0	0	0	0	0	0	76	0	0	0	42	0	0	0	0	0	0	0	0	0	0	0	0
OTU561	0	0	0	3	0	0	0	2	0	0	0	0	0	0	2	0	0	0	2	0	0	0	4	0	0	0	0	0	0	0	2	2	0	0	0	4	0	0	0	12	5
OTU586	0	0	0	1	0	0	0	2	0	0	0	0	0	0	16	0	0	0	0	0	0	0	2	0	0	0	0	0	0	0	3	0	0	0	0	0	0	0	0	0	0
OTU448	0	0	0	1	0	0	0	1	0	0	9	0	0	0	9	0	0	0	1	0	0	0	0	0	0	0	0	0	0	0	0	0	0	0	0	0	0	0	0	0	0
OTU677	0	0	0	1	0	0	0	0	0	0	5	0	0	0	0	1	0	0	11	0	0	0	10	0	0	0	5	0	0	0	13	6	0	0	0	3	0	0	0	0	0
OTU878	0	0	0	1	0	0	0	0	0	0	1	0	0	0	1	0	0	0	0	0	0	0	0	0	0	0	0	0	0	0	2	0	0	0	0	0	0	0	0	0	0
OTU855	0	0	0	1	0	0	0	2	0	0	0	0	0	0	7	0	0	0	1	0	0	0	5	0	0	0	0	0	0	0	7	0	0	0	0	0	0	0	0	1	0
OTU937	0	0	0	1	0	0	0	0	0	0	5	0	0	0	0	0	0	0	3	0	0	0	1	0	0	0	0	0	0	0	0	0	0	0	0	0	0	0	0	0	0
OTU745	0	0	0	0	95	282	592	0	0	0	0	731	594	372	0	0	0	0	0	159	123	310	0	0	0	0	0	571	505	0	0	0	0	0	0	0	479	838	914	0	0
OTU2	0	0	0	0	5348	13661	39497	3	1	1	0	46183	39124	24425	2	1	0	0	1	9824	5662	20365	1	14	2	2	1	25896	30847	0	2	2	1	0	1	2	28013	54061	58343	1	6
OTU251	0	0	0	0	147	0	0	0	0	0	0	0	0	0	0	0	0	0	0	0	0	0	0	0	0	0	0	0	0	0	0	0	0	0	0	0	0	0	0	0	0
OTU299	0	0	0	0	176	525	1862	0	0	0	0	1202	1114	664	0	1	0	0	0	198	118	2976	0	0	0	0	0	5763	3204	0	0	0	0	0	0	0	5487	1655	2744	0	0
OTU172	0	0	0	0	948	371	24	0	0	0	0	11	138	41	0	0	0	0	0	36	161	209	0	1	0	0	0	157	80	0	0	0	0	0	0	0	237	51	4	0	0
OTU695	0	0	0	0	34	46	5	0	0	0	0	18	150	59	0	0	0	0	0	38	22	226	0	0	0	0	0	172	52	0	0	0	0	0	0	0	116	60	3	0	0
OTU573	0	0	0	0	44	0	0	0	0	0	0	0	0	0	1	0	0	0	0	0	0	0	0	0	0	0	0	0	0	0	1	0	0	0	0	0	0	0	0	0	0
OTU187	0	0	0	0	108	0	0	0	0	0	0	0	0	0	0	0	0	0	0	0	0	0	0	0	0	0	0	0	0	0	0	0	0	0	0	0	0	0	0	0	0
OTU326	0	0	0	0	293	974	2816	1	0	0	0	3198	2428	1471	0	0	0	0	0	604	345	1258	0	1	0	0	0	2228	1968	0	0	0	0	0	0	0	1646	3760	3927	0	0
OTU395	0	0	0	0	22	6	0	0	0	0	0	0	0	0	4	0	0	0	0	0	0	0	0	0	18	0	0	0	7	0	7	0	4	0	0	0	0	4	0	0	0
OTU167	0	0	0	0	426	0	0	0	0	0	0	0	0	0	0	0	0	0	0	0	0	0	0	0	0	0	0	0	0	0	0	0	0	0	0	1	3	0	0	0	0
OTU257	0	0	0	0	113	0	0	0	0	0	0	0	0	0	0	0	0	0	0	0	0	0	0	0	0	0	0	0	0	0	0	0	0	0	0	0	0	0	0	0	0
OTU68	0	0	0	0	1384	0	0	0	0	0	0	0	0	0	0	0	0	0	0	0	0	0	0	0	0	0	0	0	0	0	3	0	0	0	0	0	2	0	0	0	0
OTU467	0	0	0	0	152	30	73	0	0	0	0	68	57	24	0	0	0	0	0	23	12	30	0	0	0	0	0	34	52	0	0	0	0	0	0	0	59	112	101	0	0
OTU144	0	0	0	0	130	0	0	0	0	0	0	0	0	0	0	0	0	0	0	0	0	0	0	0	0	0	0	0	0	0	0	0	0	0	0	0	0	0	0	0	0
OTU953	0	0	0	0	45	0	0	0	0	0	0	0	0	0	0	0	0	0	0	0	0	0	0	0	0	0	0	0	0	0	0	0	0	0	0	0	0	0	0	0	0
OTU192	0	0	0	0	99	349	779	0	0	0	0	976	800	478	0	0	0	0	0	210	122	442	0	0	0	0	0	636	641	0	0	0	0	0	0	0	599	1255	1288	0	0
OTU316	0	0	0	0	95	0	0	0	0	0	0	2	1	0	0	0	0	0	0	0	0	1	0	0	1	0	0	0	1	0	0	0	0	0	0	0	1	0	1	0	0
OTU12	0	0	0	0	153	218	732	0	0	0	0	660	2468	744	0	0	0	0	0	160	130	591	0	0	0	0	0	1152	457	0	0	1	0	34	0	0	923	1642	1060	0	0
OTU232	0	0	0	0	272	17	2	0	0	0	0	0	0	0	0	0	0	0	0	0	0	0	0	0	0	0	0	0	0	0	0	0	0	0	0	0	11	0	0	0	0
OTU61	0	0	0	0	64	7	0	0	0	0	0	0	870	0	0	0	0	0	0	11	0	492	0	0	0	0	0	0	0	0	0	0	1	0	0	0	159	54	0	0	0
OTU329	0	0	0	0	68	0	0	0	0	0	0	0	0	0	0	0	0	0	0	0	0	0	0	0	0	0	0	0	0	0	0	0	0	0	0	0	12	0	0	0	0
OTU294	0	0	0	0	41	0	0	0	0	0	0	0	0	0	0	0	0	0	0	0	0	0	0	0	0	0	0	0	0	0	0	0	0	0	0	0	0	0	0	0	0
OTU357	0	0	0	0	77	1	0	0	0	0	0	0	1	0	0	0	0	0	0	1	2	2	0	0	0	0	0	2	1	0	0	0	0	0	0	0	3	0	0	0	0
OTU348	0	0	0	0	105	112	88	0	0	0	0	58	12	93	0	0	0	1	0	17	3	0	0	0	0	0	0	0	8	0	0	0	0	0	0	0	3	0	0	0	0
OTU660	0	0	0	0	26	0	0	0	0	0	0	0	0	0	6	0	0	0	1	0	0	0	2	3	0	0	0	0	0	0	0	0	0	0	0	0	0	0	0	0	0
OTU70	0	0	0	0	49	35	61	0	16	10	0	55	1	21	0	39	552	0	0	14	2	0	0	9	84	0	0	0	3	0	0	0	0	73	0	0	1	0	0	0	0
OTU303	0	0	0	0	58	0	0	0	0	0	0	0	0	0	0	0	0	0	0	0	0	0	0	0	0	0	0	0	0	0	0	0	0	0	0	0	0	0	0	0	0
OTU612	0	0	0	0	47	21	23	0	0	0	0	2	5	29	1	0	0	1	0	12	2	0	0	0	1	0	0	0	1	0	0	0	0	0	0	0	2	0	0	0	0
OTU801	0	0	0	0	13	110	262	0	0	0	0	245	303	149	0	0	0	0	0	93	44	79	0	1	0	0	0	127	170	0	0	0	0	0	0	0	262	484	407	0	0
OTU856	0	0	0	0	36	0	0	0	0	0	0	0	0	0	0	0	0	0	0	0	0	0	0	0	0	0	0	0	0	0	0	0	0	0	0	0	0	0	0	0	0
OTU293	0	0	0	0	20	0	0	0	0	0	0	0	0	0	0	0	0	0	0	0	0	0	0	0	0	0	0	0	0	0	0	0	0	0	0	0	0	0	0	0	0
OTU487	0	0	0	0	18	2	0	0	0	0	0	0	0	0	0	0	0	0	0	0	0	0	0	0	0	0	0	0	0	0	0	0	0	0	0	0	0	0	0	0	0
OTU37	0	0	0	0	68	609	0	0	0	0	0	0	8	247	0	0	0	1	1	77	248	1072	0	18	0	0	0	4084	0	0	0	0	0	0	0	0	10	0	0	0	0
OTU618	0	0	0	0	11	24	57	0	26	63	0	1195	238	608	1	124	113	35	0	197	110	23	0	0	93	0	0	148	15	0	0	0	35	0	0	0	20	1	21	0	1
OTU163	0	0	0	0	51	78	0	0	0	0	0	0	0	0	0	0	0	0	0	0	0	0	0	0	0	0	0	0	0	0	1	0	0	0	0	0	312	0	0	0	0
OTU330	0	0	0	0	6	19	0	0	0	0	0	20	1	3	0	0	0	0	0	1	0	0	0	0	0	0	0	0	0	0	0	0	0	0	0	0	1	0	0	0	0
OTU761	0	0	0	0	28	92	277	0	0	0	0	332	226	159	0	0	0	0	0	40	43	122	0	0	0	0	0	166	155	0	1	0	0	0	0	0	138	339	373	0	0
OTU231	0	0	0	0	74	0	0	0	0	0	0	0	0	0	0	0	0	0	0	0	0	0	0	0	0	0	0	0	0	0	0	0	0	0	0	0	0	0	0	0	0
OTU765	0	0	0	0	30	0	0	0	0	0	0	0	0	0	0	0	0	0	0	0	0	0	0	0	0	0	0	0	0	0	0	0	0	0	0	0	0	0	0	0	0
OTU9	0	0	0	0	35	1093	6	0	0	0	0	1141	336	0	0	0	0	1	0	5117	3716	558	0	0	0	0	1	2439	100	0	0	0	0	0	0	0	323	87	129	1	0
OTU13	0	0	0	0	20	0	0	0	1	0	0	0	0	8	2	0	2613	1	0	101	8	13	0	11	15262	0	0	0	4	0	0	0	1	14870	6	0	56	2	0	2	0
OTU880	0	0	0	0	4	2	0	0	0	0	0	0	0	0	0	0	0	0	0	0	0	0	0	0	0	0	0	0	0	0	0	0	0	0	0	0	0	0	0	0	0
OTU950	0	0	0	0	15	0	0	0	0	0	0	0	0	0	0	0	0	0	0	0	0	0	0	0	0	0	0	0	0	0	0	0	0	0	0	0	0	0	0	0	0
OTU798	0	0	0	0	19	0	0	0	0	0	0	0	0	0	0	0	0	0	0	0	0	0	0	0	0	0	0	0	0	0	0	0	0	0	0	0	0	0	0	0	0
OTU205	0	0	0	0	11	54	7	0	0	0	0	14	17	4	0	0	0	0	0	3	0	0	0	0	0	0	0	0	0	0	0	0	0	0	0	0	1	0	0	0	0
OTU653	0	0	0	0	2	0	0	4	0	0	1	0	0	0	17	0	0	0	0	0	0	0	0	0	0	0	0	0	0	0	3	0	0	0	0	0	25	0	0	0	1
OTU661	0	0	0	0	1	0	76	0	1	0	0	21	4	169	0	0	14	0	0	40	46	13	0	0	11	0	0	1	4	0	0	0	0	0	1	0	1	25	0	0	0
OTU559	0	0	0	0	1	0	0	0	0	0	0	0	0	31	0	0	0	0	0	0	0	0	0	0	0	0	0	0	0	0	0	0	0	0	0	0	5	0	0	0	0
OTU177	0	0	0	0	2	0	0	4	0	0	0	0	2	40	1	0	0	0	0	1	0	0	0	14	0	964	0	0	6	0	1	0	0	0	0	1	0	0	1	0	0
OTU656	0	0	0	0	3	6	0	0	0	0	0	10	0	0	0	0	0	0	0	0	0	0	0	0	0	0	0	0	0	0	0	0	0	0	0	0	0	0	0	0	0
OTU691	0	0	0	0	2	0	0	0	0	0	1	0	0	0	0	0	0	0	0	0	0	0	1	0	0	0	0	0	0	0	0	3	0	0	0	2	0	0	0	0	1
OTU185	0	0	0	0	1	43	67	2	0	0	0	7	78	12	0	0	0	0	0	10	14	28	0	0	0	0	0	141	14	0	0	0	0	0	0	0	83	79	7	0	0
OTU477	0	0	0	0	2	29	0	0	0	0	0	0	0	0	0	0	6	0	0	0	0	0	0	0	0	0	0	0	0	0	0	0	0	0	0	0	0	0	0	0	0
OTU285	0	0	0	0	2	0	0	0	0	0	0	0	0	0	0	0	0	0	0	0	0	0	0	0	0	0	0	0	0	0	0	0	0	0	0	0	209	0	0	0	0
OTU698	0	0	0	0	1	17	7	0	0	0	0	0	0	0	0	0	0	0	0	34	0	0	0	0	0	0	0	0	0	0	0	0	0	0	0	0	0	0	0	0	0
OTU648	0	0	0	0	1	5	0	0	0	0	0	0	0	0	0	0	0	0	0	0	0	0	0	0	0	0	0	0	0	0	0	0	0	0	0	0	31	0	0	0	0
OTU388	0	0	0	0	1	0	0	0	0	0	0	0	0	0	0	0	0	0	0	0	0	0	0	0	0	0	0	0	0	0	1	0	0	0	0	0	279	0	0	0	0
OTU684	0	0	0	0	0	7	0	0	0	0	0	0	0	0	0	0	0	0	0	0	0	0	0	0	0	0	0	0	0	0	0	0	0	0	0	0	0	0	0	0	0
OTU805	0	0	0	0	0	3	0	0	0	0	0	0	0	0	0	0	0	0	0	0	0	0	0	0	0	0	0	0	0	0	0	0	0	0	0	0	0	0	0	0	0
OTU817	0	0	0	0	0	6	0	0	0	0	0	0	0	0	0	0	0	0	0	0	0	0	0	19	0	0	0	0	0	0	0	0	0	0	0	0	0	0	0	0	0
OTU490	0	0	0	0	0	10	0	0	0	0	0	0	0	10	0	0	0	0	0	0	0	0	0	0	0	0	0	0	0	0	0	0	0	0	0	0	0	0	0	0	0
OTU860	0	0	0	0	0	11	0	0	0	0	0	0	0	0	1	0	0	0	0	0	0	0	0	0	0	0	0	0	0	0	0	0	0	0	0	0	0	0	0	0	0
OTU449	0	0	0	0	0	16	0	0	0	0	0	0	0	0	0	0	0	0	0	0	0	0	0	0	0	0	0	0	0	0	0	0	0	0	0	0	0	0	0	0	0
OTU349	0	0	0	0	0	7	0	0	0	0	0	0	0	0	0	0	14	0	0	0	0	0	0	0	0	0	0	0	0	0	0	0	0	0	0	0	0	0	0	0	0
OTU947	0	0	0	0	0	8	0	0	0	0	0	0	0	0	0	0	0	0	0	0	0	0	0	0	0	0	0	0	0	0	0	0	0	0	0	0	0	0	0	0	0
OTU658	0	0	0	0	0	9	0	0	0	0	0	10	0	0	0	0	0	0	0	0	0	0	0	0	0	0	0	0	0	0	0	0	0	0	0	0	1	0	0	0	0
OTU462	0	0	0	0	0	5	0	0	0	0	0	0	0	0	0	0	0	0	0	0	0	0	0	0	0	0	0	0	0	0	0	0	0	0	0	0	0	0	0	0	0
OTU547	0	0	0	0	0	3	4	0	0	0	0	17	14	44	0	0	0	0	0	0	0	0	1	0	0	0	0	0	0	0	0	0	0	0	0	0	0	0	1	0	0
OTU662	0	0	0	0	0	3	0	0	0	0	0	0	0	0	0	0	0	0	0	0	0	0	0	0	0	0	0	0	0	0	0	0	0	0	0	0	0	0	0	0	0
OTU338	0	0	0	0	0	2	0	0	0	0	0	0	0	0	0	0	0	0	0	0	0	0	0	0	16	0	0	0	14	6	1	0	15	0	0	0	0	0	0	0	1
OTU312	0	0	0	0	0	1	0	0	0	0	0	0	0	0	0	2	0	0	0	0	3	0	0	0	0	0	0	0	4	0	0	0	0	61	0	0	0	0	0	0	0
OTU600	0	0	0	0	0	2	0	0	0	0	0	0	0	0	0	0	0	0	0	0	0	0	0	0	0	0	0	0	0	0	0	0	0	0	0	0	0	0	0	0	0
OTU49	0	0	0	0	0	1	0	0	8	0	1226	0	0	0	134	0	0	0	10	0	0	0	7	0	0	0	0	0	0	0	1	0	0	0	0	0	0	0	19	0	0
OTU301	0	0	0	0	0	1	0	0	0	0	1	0	1	26	0	0	0	0	0	0	0	0	0	0	0	0	0	0	1	0	0	0	0	0	0	0	2	0	0	0	0
OTU132	0	0	0	0	0	0	150	0	0	0	0	0	0	0	0	0	0	0	0	0	0	0	0	0	0	0	0	0	0	0	0	0	0	0	0	0	0	0	0	0	0
OTU516	0	0	0	0	0	0	25	0	0	0	0	0	0	0	0	0	0	0	0	0	0	0	0	0	0	0	0	0	0	0	1	0	0	0	0	0	1	0	0	0	0
OTU525	0	0	0	0	0	0	29	0	0	0	0	0	0	0	0	0	0	0	0	0	0	0	0	0	0	0	0	0	0	0	0	0	0	0	0	0	0	0	0	0	0
OTU734	0	0	0	0	0	0	19	0	0	0	0	0	0	0	0	0	0	0	0	0	0	0	0	0	0	0	0	0	0	0	4	0	0	0	0	0	0	0	0	0	0
OTU391	0	0	0	0	0	0	67	0	0	0	0	0	0	0	0	0	0	0	0	0	0	0	0	0	0	0	0	0	0	0	0	0	0	0	0	0	0	0	0	0	0
OTU224	0	0	0	0	0	0	13	0	0	0	0	18	0	0	0	0	0	0	0	0	0	0	0	0	0	0	0	0	6	0	0	0	0	55	0	0	0	0	0	0	0
OTU404	0	0	0	0	0	0	10	0	0	0	0	0	0	0	0	0	0	0	0	0	0	0	0	0	0	0	0	0	0	0	0	0	0	0	0	0	0	0	0	0	0
OTU342	0	0	0	0	0	0	8	0	0	0	0	0	0	0	0	0	0	0	0	0	0	0	0	0	3	0	0	0	1	0	0	0	0	120	526	0	0	0	0	0	0
OTU254	0	0	0	0	0	0	24	0	0	0	0	0	0	0	0	0	0	0	0	0	0	0	0	0	0	0	0	0	0	0	0	0	0	0	0	0	0	0	0	0	0
OTU407	0	0	0	0	0	0	13	0	0	0	0	0	0	0	0	0	0	0	0	0	0	0	0	0	0	0	0	0	0	0	0	0	0	0	0	0	0	0	0	0	0
OTU289	0	0	0	0	0	0	40	0	0	0	0	0	0	0	0	0	0	0	0	0	0	0	0	0	0	0	0	0	0	0	0	0	0	0	0	0	0	0	0	0	0
OTU386	0	0	0	0	0	0	30	0	0	0	0	0	0	0	0	0	0	0	0	0	0	0	0	0	0	0	0	0	0	0	0	0	0	0	0	0	0	0	0	0	0
OTU813	0	0	0	0	0	0	21	0	0	0	0	0	0	0	0	0	0	0	0	0	0	0	0	0	0	0	0	0	0	0	0	0	0	0	0	0	0	0	0	0	0
OTU237	0	0	0	0	0	0	78	1	0	0	0	0	0	0	1	0	0	0	0	0	0	0	0	0	0	0	0	0	0	0	0	0	0	0	0	0	0	0	0	0	0
OTU531	0	0	0	0	0	0	47	0	0	0	0	0	0	0	1	0	0	0	0	0	0	0	2	0	0	0	0	0	0	0	4	0	0	0	0	0	0	0	0	0	0
OTU572	0	0	0	0	0	0	24	0	0	0	0	0	0	0	0	0	0	0	0	0	0	0	0	0	0	0	0	0	0	0	0	0	0	0	0	0	0	0	0	0	0
OTU492	0	0	0	0	0	0	16	0	0	0	0	0	0	0	0	0	0	0	0	0	0	0	0	0	0	0	0	0	0	0	0	0	0	0	0	0	0	0	0	0	0
OTU706	0	0	0	0	0	0	19	0	0	0	0	0	0	0	1	0	0	0	0	0	0	0	0	0	0	0	0	0	0	0	0	0	0	0	0	0	0	0	0	1	0
OTU333	0	0	0	0	0	0	23	0	0	0	0	0	0	0	0	0	0	0	0	0	0	0	0	0	0	0	0	0	0	0	0	0	0	0	0	0	0	0	0	0	0
OTU963	0	0	0	0	0	0	13	0	0	0	0	0	0	0	0	0	0	0	0	0	0	0	0	0	0	0	0	0	0	0	0	1	0	0	0	0	0	0	0	0	0
OTU489	0	0	0	0	0	0	20	0	0	0	0	0	0	0	0	0	0	0	0	0	0	0	0	0	0	0	0	0	0	0	0	0	0	0	0	0	0	0	0	0	0
OTU465	0	0	0	0	0	0	23	0	0	0	0	0	0	0	0	0	0	0	0	0	0	0	0	0	0	0	0	0	0	0	0	0	0	0	0	0	0	0	0	0	0
OTU946	0	0	0	0	0	0	12	0	0	0	0	0	0	0	0	0	0	0	0	0	0	0	0	0	0	0	0	0	0	0	0	0	0	0	0	0	0	0	0	0	0
OTU735	0	0	0	0	0	0	10	0	0	0	0	0	0	0	0	0	0	0	0	0	0	0	0	0	0	0	0	0	0	0	0	0	0	0	0	0	0	0	0	0	0
OTU368	0	0	0	0	0	0	10	0	0	0	0	0	0	0	0	0	0	0	0	0	0	0	0	0	0	0	0	0	0	0	0	0	0	0	0	0	0	0	0	0	0
OTU401	0	0	0	0	0	0	24	0	1	0	1	0	0	0	0	0	0	0	0	0	0	0	0	0	0	0	0	0	0	0	2	0	0	0	0	0	0	0	0	0	0
OTU728	0	0	0	0	0	0	7	0	0	0	0	0	0	0	0	0	0	0	0	0	0	0	0	0	0	0	0	0	0	0	0	0	0	0	0	0	0	0	0	0	0
OTU514	0	0	0	0	0	0	4	0	0	0	0	0	0	0	0	0	0	0	0	0	0	0	0	0	0	0	0	0	0	0	0	0	0	0	0	0	0	0	0	0	0
OTU421	0	0	0	0	0	0	2	4	0	0	0	0	0	0	1	0	0	0	0	0	0	0	2	0	4	0	0	0	18	1893	3	0	0	0	0	0	0	0	0	0	0
OTU19	0	0	0	0	0	0	1	1	0	0	0	0	0	0	0	0	0	0	0	0	0	0	0	0	0	0	0	0	0	0	0	0	0	0	0	0	5228	8	0	0	0
OTU126	0	0	0	0	0	0	0	937	0	0	0	0	0	0	1	0	0	0	0	0	0	0	0	0	0	0	0	0	0	0	0	0	0	0	0	0	0	0	0	0	0
OTU689	0	0	0	0	0	0	0	4	0	0	1	0	0	0	12	0	0	0	2	0	0	0	3	0	0	0	0	0	0	0	3	0	0	0	0	1	0	0	1	1	0
OTU652	0	0	0	0	0	0	0	6	0	0	1	0	0	0	4	0	0	0	0	0	0	0	0	0	0	0	0	0	0	0	0	0	0	0	0	0	0	0	0	0	5
OTU250	0	0	0	0	0	0	0	100	0	0	0	0	0	0	0	0	0	0	0	0	0	0	0	0	0	0	0	0	0	0	0	0	0	0	0	0	0	0	0	0	0
OTU576	0	0	0	0	0	0	0	2	0	0	1	0	0	0	2	0	0	0	0	0	0	0	6	0	0	0	0	0	0	0	2	0	0	0	0	0	0	0	0	0	0
OTU334	0	0	0	0	0	0	0	15	0	0	0	0	0	0	13	0	0	0	0	0	0	0	0	0	0	0	0	0	2	0	0	0	0	0	0	0	0	0	0	0	0
OTU724	0	0	0	0	0	0	0	3	0	0	0	0	0	0	16	0	0	0	1	0	0	0	3	0	0	0	0	0	0	0	2	0	0	0	0	0	0	0	0	0	0
OTU736	0	0	0	0	0	0	0	4	0	0	0	0	0	0	0	0	0	0	0	0	0	0	0	0	0	0	0	0	0	0	0	0	0	0	0	0	0	0	0	0	0
OTU757	0	0	0	0	0	0	0	3	0	0	0	0	0	0	3	0	0	0	0	0	0	0	0	0	0	0	0	0	0	0	1	1	0	0	0	0	0	0	0	0	0
OTU603	0	0	0	0	0	0	0	7	0	0	1	0	0	0	24	0	1	0	7	0	0	0	11	0	0	0	1	0	0	0	12	0	0	0	0	0	0	0	0	1	0
OTU410	0	0	0	0	0	0	0	3	0	0	1	0	0	0	11	0	0	0	0	0	0	0	1	0	0	0	0	0	0	0	1	0	0	0	0	0	0	0	0	0	0
OTU910	0	0	0	0	0	0	0	1	0	0	0	0	0	0	4	0	0	0	0	0	0	0	0	0	0	0	0	0	0	0	0	0	0	0	0	0	0	0	0	0	0
OTU779	0	0	0	0	0	0	0	1	0	0	0	0	0	0	0	0	0	0	0	0	0	0	0	0	0	0	0	0	0	0	0	1	0	0	0	0	0	0	0	0	3
OTU929	0	0	0	0	0	0	0	2	0	0	0	0	0	0	0	0	0	0	0	0	0	0	0	0	0	0	0	0	0	0	0	0	0	0	0	0	0	0	0	0	0
OTU630	0	0	0	0	0	0	0	9	0	0	1	0	0	0	0	0	0	0	1	0	0	0	0	0	0	0	0	0	0	0	1	0	0	0	0	0	0	0	0	2	2
OTU952	0	0	0	0	0	0	0	2	0	0	0	0	0	0	0	0	0	0	0	0	0	0	0	0	0	0	0	0	0	0	0	0	0	0	0	0	0	0	0	0	0
OTU141	0	0	0	0	0	0	0	1	0	0	120	0	0	0	3	0	0	0	14	0	0	0	6	0	0	0	0	0	0	0	0	0	0	1	0	0	0	0	1	0	0
OTU566	0	0	0	0	0	0	0	2	0	0	2	0	0	0	5	0	0	0	1	0	0	0	1	0	0	0	0	0	0	0	0	0	0	0	0	2	0	0	0	1	3
OTU747	0	0	0	0	0	0	0	2	0	0	0	0	0	0	0	0	0	0	0	0	0	0	0	0	0	0	0	0	0	0	1	0	0	0	0	0	0	0	0	0	1
OTU409	0	0	0	0	0	0	0	1	0	0	0	0	0	0	2	0	0	0	0	0	0	0	0	0	0	0	0	0	0	0	0	0	0	0	0	0	121	0	0	0	0
OTU411	0	0	0	0	0	0	0	22	0	0	0	0	0	0	0	0	0	0	0	0	0	0	0	0	0	0	0	0	0	0	0	0	0	0	0	0	0	0	0	0	0
OTU644	0	0	0	0	0	0	0	2	0	0	1	0	0	0	16	0	0	0	0	0	0	0	2	0	0	0	0	0	0	0	0	0	0	0	0	0	0	0	0	0	0
OTU654	0	0	0	0	0	0	0	6	0	0	0	0	0	0	1	0	0	0	0	0	0	0	1	0	0	0	0	0	0	0	4	0	0	0	0	0	0	0	0	0	0
OTU681	0	0	0	0	0	0	0	17	0	0	0	0	0	0	1	0	0	0	0	0	0	0	0	0	0	0	0	0	0	0	0	0	0	0	0	0	0	0	0	0	0
OTU639	0	0	0	0	0	0	0	1	0	0	0	0	0	0	0	0	21	0	0	0	0	0	0	0	0	0	0	0	0	0	0	0	0	0	0	0	0	0	0	0	0
OTU683	0	0	0	0	0	0	0	3	0	0	0	0	0	0	4	0	0	0	0	0	0	0	0	0	0	0	0	0	0	0	0	0	0	0	0	0	0	0	0	0	0
OTU721	0	0	0	0	0	0	0	2	0	0	0	0	0	0	0	0	0	0	0	0	0	0	0	0	0	0	0	0	0	0	0	0	0	0	0	0	0	0	0	0	0
OTU800	0	0	0	0	0	0	0	4	0	0	0	0	0	0	1	0	0	0	0	0	0	0	0	0	0	0	0	0	0	0	0	0	0	0	0	0	0	0	0	0	0
OTU861	0	0	0	0	0	0	0	4	0	0	0	0	0	0	0	0	0	0	0	0	0	0	0	0	0	0	0	0	0	0	0	0	0	0	0	0	0	0	0	0	0
OTU917	0	0	0	0	0	0	0	3	0	0	0	0	0	0	3	0	2	0	0	0	0	0	0	0	1	0	0	0	0	0	0	0	0	0	0	0	0	0	0	0	0
OTU622	0	0	0	0	0	0	0	3	0	0	6	0	0	0	2	0	0	0	0	0	0	0	0	0	0	0	0	0	0	0	0	0	0	0	0	0	0	0	0	0	1
OTU635	0	0	0	0	0	0	0	2	0	0	0	0	0	0	6	0	0	0	1	0	0	0	2	0	0	0	0	0	0	0	1	0	0	0	0	0	0	0	0	0	0
OTU789	0	0	0	0	0	0	0	3	0	0	0	0	0	0	0	0	0	0	0	0	0	0	0	0	0	0	0	0	0	0	0	0	0	0	0	0	0	0	0	0	0
OTU814	0	0	0	0	0	0	0	2	0	0	0	0	0	0	3	0	0	0	0	0	0	0	0	0	0	0	0	0	0	0	0	0	0	0	0	0	0	0	0	0	0
OTU685	0	0	0	0	0	0	0	5	0	0	0	0	0	0	5	0	0	0	0	0	0	0	0	0	0	0	0	0	0	0	2	0	0	0	0	0	0	0	0	0	0
OTU515	0	0	0	0	0	0	0	4	0	0	0	0	0	0	7	0	0	0	0	0	0	0	2	0	0	0	0	0	0	0	0	0	0	0	0	0	0	0	0	0	0
OTU783	0	0	0	0	0	0	0	1	0	0	0	0	0	0	2	0	0	0	0	0	0	0	0	0	0	0	0	0	0	0	0	0	0	0	0	0	0	0	0	0	0
OTU436	0	0	0	0	0	0	0	7	0	0	1	0	0	0	19	0	0	0	0	0	0	0	2	0	0	0	0	0	0	0	4	0	0	0	0	0	0	0	0	0	0
OTU543	0	0	0	0	0	0	0	5	0	0	0	0	0	0	3	0	0	0	0	0	0	0	0	0	0	0	0	0	0	0	2	0	0	0	0	0	0	0	0	0	0
OTU627	0	0	0	0	0	0	0	5	0	0	0	0	0	0	0	0	0	0	0	0	0	0	0	0	0	0	0	0	0	0	0	0	0	0	0	0	0	0	0	0	0
OTU791	0	0	0	0	0	0	0	2	0	0	0	0	0	0	0	0	0	0	0	0	0	0	0	0	0	0	0	0	0	0	0	0	0	0	0	0	0	0	0	0	0
OTU305	0	0	0	0	0	0	0	1	0	0	0	5	0	28	0	0	0	0	0	0	0	0	0	0	0	0	0	0	0	0	0	0	0	0	0	0	0	0	0	0	0
OTU931	0	0	0	0	0	0	0	1	0	0	0	0	0	0	2	0	0	0	0	0	0	0	0	0	0	0	0	0	0	0	0	0	0	0	0	0	0	0	0	0	0
OTU533	0	0	0	0	0	0	0	1	1	0	0	0	0	0	0	0	0	0	0	0	0	0	0	0	0	0	0	0	0	0	0	0	0	57	0	0	0	0	0	0	0
OTU781	0	0	0	0	0	0	0	2	0	0	0	0	0	0	0	0	0	0	0	0	0	0	0	0	0	0	0	0	0	0	1	0	0	0	0	0	0	0	0	0	0
OTU782	0	0	0	0	0	0	0	3	0	0	1	0	0	0	8	0	0	0	0	0	0	0	0	0	0	0	0	0	0	0	1	0	0	0	0	0	0	0	0	0	0
OTU869	0	0	0	0	0	0	0	1	0	0	0	0	0	0	1	0	0	0	0	0	0	0	0	0	0	0	1	0	0	0	0	0	0	0	0	0	0	0	0	3	3
OTU693	0	0	0	0	0	0	0	1	0	0	6	0	0	0	0	0	0	0	0	0	0	0	0	0	0	0	0	0	0	0	1	0	0	0	0	0	0	0	0	0	0
OTU521	0	0	0	0	0	0	0	1	0	0	0	0	0	0	3	0	0	0	2	0	0	0	0	0	0	0	0	0	0	0	1	0	0	0	0	0	0	0	0	0	0
OTU810	0	0	0	0	0	0	0	4	0	0	1	0	53	172	10	0	0	0	1	1	0	0	1	1	0	34	0	0	0	0	3	0	0	0	0	1	0	0	0	1	0
OTU785	0	0	0	0	0	0	0	1	0	0	3	0	0	0	1	0	0	0	0	0	0	0	0	0	0	0	0	0	0	0	0	0	0	0	0	0	0	0	0	0	0
OTU960	0	0	0	0	0	0	0	2	0	0	0	0	0	0	0	0	0	0	0	0	0	0	0	0	0	0	0	0	0	0	0	0	0	0	0	0	0	0	0	0	0
OTU914	0	0	0	0	0	0	0	1	0	0	0	0	0	0	0	0	0	0	0	0	0	0	0	0	0	0	0	0	0	0	1	0	0	0	0	0	3	0	0	0	0
OTU925	0	0	0	0	0	0	0	3	0	0	0	0	0	0	0	0	0	0	0	0	0	0	1	0	0	0	0	0	0	0	0	0	0	0	0	0	0	0	0	0	0
OTU502	0	0	0	0	0	0	0	1	0	0	0	0	0	0	16	0	0	0	2	0	0	0	8	0	0	0	1	0	0	0	2	0	0	0	0	0	0	0	0	0	0
OTU768	0	0	0	0	0	0	0	3	0	0	0	0	0	0	1	0	0	0	0	0	0	0	0	0	0	0	0	0	0	0	0	0	0	0	0	0	0	0	0	0	1
OTU752	0	0	0	0	0	0	0	2	0	0	2	0	0	0	24	0	0	0	0	0	0	0	3	0	0	0	0	0	0	0	0	0	0	0	0	0	0	0	0	0	0
OTU664	0	0	0	0	0	0	0	3	0	0	0	0	0	0	0	0	0	0	0	0	0	0	5	0	0	0	0	0	0	0	0	0	0	0	0	0	0	0	0	0	13
OTU754	0	0	0	0	0	0	0	3	0	0	0	0	0	0	2	0	0	0	0	0	0	0	1	0	0	0	0	0	0	0	0	0	0	0	0	0	0	0	0	0	0
OTU568	0	0	0	0	0	0	0	1	0	0	0	0	0	0	7	0	0	0	0	0	0	0	0	0	0	0	0	0	0	0	0	0	0	0	0	0	0	0	0	0	0
OTU764	0	0	0	0	0	0	0	2	0	0	0	0	0	0	0	0	0	0	0	0	0	0	0	0	0	0	0	0	0	0	0	0	0	0	0	0	0	0	0	0	0
OTU651	0	0	0	0	0	0	0	4	0	0	0	0	0	0	0	0	0	0	0	0	0	0	0	0	9	0	0	135	0	0	0	0	0	0	0	0	0	0	0	0	0
OTU362	0	0	0	0	0	0	0	1	0	0	0	0	0	52	0	0	0	0	0	3	0	0	0	0	21	0	0	0	0	0	0	0	0	0	0	0	0	0	0	0	0
OTU957	0	0	0	0	0	0	0	1	0	0	1	0	0	0	1	0	0	0	0	0	0	0	2	0	0	0	1	0	0	0	0	1	0	0	0	0	0	0	0	0	12
OTU884	0	0	0	0	0	0	0	1	0	0	0	0	0	0	0	0	0	5	0	0	0	0	0	0	0	0	0	0	0	0	0	0	0	0	0	0	0	0	0	0	0
OTU955	0	0	0	0	0	0	0	1	0	0	0	0	0	0	0	0	0	0	1	0	0	0	0	0	0	0	0	0	0	0	3	0	0	0	0	0	0	0	0	2	0
OTU640	0	0	0	0	0	0	0	2	0	0	0	0	0	0	5	0	0	0	0	0	0	0	0	0	0	0	0	0	0	0	0	0	0	0	0	0	0	0	0	0	0
OTU697	0	0	0	0	0	0	0	2	0	0	0	0	0	0	7	0	0	0	0	0	0	0	1	0	0	0	0	0	0	0	0	0	0	0	0	0	0	0	0	0	0
OTU491	0	0	0	0	0	0	0	3	0	0	0	0	0	0	4	0	0	0	0	0	0	0	0	0	0	0	0	0	0	0	0	0	0	0	0	0	0	0	0	0	0
OTU227	0	0	0	0	0	0	0	1	0	0	2	0	0	0	0	0	0	0	5	0	0	0	1	0	0	0	0	0	0	0	0	0	0	0	0	58	0	0	0	1	0
OTU315	0	0	0	0	0	0	0	2	0	0	0	0	0	0	10	0	0	0	0	0	0	0	2	0	0	0	0	0	0	0	3	0	0	0	0	0	0	0	0	0	0
OTU628	0	0	0	0	0	0	0	1	0	0	0	0	0	0	0	0	0	0	3	0	0	0	1	0	0	0	6	0	0	0	4	8	0	0	0	2	0	0	0	1	0
OTU920	0	0	0	0	0	0	0	1	0	0	0	0	0	0	2	0	0	0	0	0	0	0	0	0	0	0	1	0	0	0	1	0	0	0	0	0	0	0	0	0	0
OTU933	0	0	0	0	0	0	0	1	0	0	0	0	0	0	0	0	0	0	0	0	0	0	0	0	0	0	0	0	0	0	0	0	0	0	0	1	0	0	0	1	6
OTU796	0	0	0	0	0	0	0	1	0	0	0	0	0	0	2	0	0	0	0	0	0	0	0	0	0	0	0	0	0	0	0	0	0	0	0	1	0	0	0	0	0
OTU943	0	0	0	0	0	0	0	1	0	0	0	0	0	0	8	0	0	0	0	0	0	0	0	0	0	0	0	0	0	0	0	0	0	0	0	0	0	0	0	0	0
OTU719	0	0	0	0	0	0	0	1	0	0	0	0	0	0	4	0	0	0	0	0	0	0	0	0	0	0	0	0	0	0	0	0	0	0	0	0	0	0	0	0	0
OTU159	0	0	0	0	0	0	0	0	16	0	0	0	0	27	0	0	0	0	0	0	0	0	0	8	35	0	0	0	0	0	43	2	0	0	0	0	0	0	0	0	0
OTU359	0	0	0	0	0	0	0	0	21	0	6	0	0	0	3	3	0	0	3	0	0	0	0	0	0	0	0	0	0	0	0	1	0	0	0	2	0	0	5	0	0
OTU369	0	0	0	0	0	0	0	0	66	0	0	0	1	0	0	0	0	0	0	0	0	0	0	0	0	0	0	0	0	0	0	0	0	0	0	0	0	0	0	0	0
OTU81	0	0	0	0	0	0	0	0	6	0	0	0	0	0	1	0	0	0	0	0	0	0	0	1	5	1	0	1	0	360	1	0	0	6	1024	0	0	0	0	1	0
OTU356	0	0	0	0	0	0	0	0	23	0	0	0	0	0	0	0	0	0	0	0	0	0	0	0	0	0	0	0	0	0	0	0	0	0	0	0	0	0	0	0	0
OTU211	0	0	0	0	0	0	0	0	13	0	0	0	97	0	0	0	0	0	0	0	0	0	0	0	0	0	0	0	0	0	0	0	0	0	0	0	2	14	0	0	0
OTU385	0	0	0	0	0	0	0	0	3	0	0	0	0	0	0	0	0	0	0	0	0	0	0	0	71	0	0	0	0	0	0	0	0	0	0	0	0	0	0	0	0
OTU229	0	0	0	0	0	0	0	0	0	83	0	0	0	0	0	8	76	0	0	0	0	0	0	23	0	0	0	0	0	0	0	0	0	1	0	0	0	0	0	0	0
OTU437	0	0	0	0	0	0	0	0	0	19	0	0	0	0	0	0	0	0	0	0	0	0	1	0	0	0	0	0	0	0	1	0	0	0	0	0	0	0	0	0	0
OTU737	0	0	0	0	0	0	0	0	0	19	0	0	0	0	0	0	0	0	0	0	0	0	0	0	0	0	0	0	0	0	2	0	0	0	0	0	0	0	0	0	0
OTU20	0	0	0	0	0	0	0	0	0	4	0	0	0	0	0	3	0	0	0	0	1	0	0	0	18	392	0	0	0	4342	0	0	19	6	1187	0	0	0	0	0	0
OTU30	0	0	0	0	0	0	0	0	0	0	492	0	0	0	2332	0	0	1	50	0	0	0	82	0	0	0	0	0	0	0	0	0	0	0	0	0	0	0	21	0	0
OTU63	0	0	0	0	0	0	0	0	0	0	398	0	0	0	195	0	0	0	0	0	0	0	0	0	0	0	0	0	0	0	0	0	0	0	0	0	0	0	0	0	0
OTU657	0	0	0	0	0	0	0	0	0	0	9	0	0	0	14	0	0	0	0	0	0	0	0	0	0	0	0	0	0	0	0	0	0	0	0	0	0	0	0	0	0
OTU230	0	0	0	0	0	0	0	0	0	0	24	0	0	0	12	0	0	0	0	0	0	0	0	0	0	0	0	0	0	0	1	0	0	0	0	0	0	0	0	0	0
OTU780	0	0	0	0	0	0	0	0	0	0	4	0	0	0	0	0	0	0	0	0	0	0	0	0	0	0	0	0	0	0	0	1	0	0	0	0	0	0	0	0	0
OTU371	0	0	0	0	0	0	0	0	0	0	7	0	0	0	1	0	0	0	33	0	0	0	14	0	0	0	0	0	0	0	0	0	0	0	0	0	0	0	0	0	0
OTU188	0	0	0	0	0	0	0	0	0	0	100	0	0	0	291	0	0	0	20	0	0	0	25	0	0	0	0	0	0	0	1	0	0	0	0	0	0	0	1	0	0
OTU82	0	0	0	0	0	0	0	0	0	0	236	0	0	0	27	0	0	0	0	0	0	0	0	0	0	0	0	0	0	0	1	0	0	0	0	0	0	0	0	1	0
OTU715	0	0	0	0	0	0	0	0	0	0	2	0	0	0	0	0	0	0	0	0	0	0	0	0	0	0	0	0	0	0	0	0	0	0	0	0	0	0	0	0	0
OTU671	0	0	0	0	0	0	0	0	0	0	2	0	0	0	1	0	0	0	0	0	0	0	0	0	0	0	0	0	0	0	0	0	0	0	0	0	0	0	0	0	1
OTU554	0	0	0	0	0	0	0	0	0	0	2	0	0	0	0	0	0	0	4	0	0	0	6	0	0	0	0	0	0	0	0	3	0	0	0	1	0	0	0	0	2
OTU204	0	0	0	0	0	0	0	0	0	0	29	0	0	0	44	0	0	0	0	0	0	0	2	0	0	0	0	0	0	0	0	0	0	0	0	0	0	0	0	0	0
OTU864	0	0	0	0	0	0	0	0	0	0	4	0	0	0	11	0	0	0	2	0	0	0	2	0	0	0	0	0	0	0	0	0	0	0	0	0	0	0	0	0	0
OTU47	0	0	0	0	0	0	0	0	0	0	2	0	0	0	0	0	0	0	0	0	0	0	2	0	38	0	2	0	1213	0	10	0	0	3	834	0	2	1	6	0	0
OTU726	0	0	0	0	0	0	0	0	0	0	5	0	0	0	13	0	0	0	1	0	0	0	0	0	0	0	0	0	0	0	0	0	0	0	0	0	0	0	0	0	0
OTU916	0	0	0	0	0	0	0	0	0	0	5	0	0	0	2	0	0	0	0	0	0	0	0	0	0	0	0	0	0	0	0	0	0	0	0	0	0	0	0	0	0
OTU680	0	0	0	0	0	0	0	0	0	0	1	0	0	0	6	0	0	0	0	0	0	0	0	0	0	0	0	0	0	0	0	0	0	0	0	0	0	0	0	0	0
OTU748	0	0	0	0	0	0	0	0	0	0	4	0	0	0	7	0	0	0	0	0	0	0	2	0	0	0	8	0	0	0	6	4	0	0	0	0	0	0	0	0	0
OTU772	0	0	0	0	0	0	0	0	0	0	1	0	0	0	3	0	0	0	0	0	0	0	0	0	0	0	0	0	0	0	1	0	0	0	0	0	0	0	0	0	0
OTU203	0	0	0	0	0	0	0	0	0	0	1	0	0	0	0	0	0	0	0	0	0	0	0	0	0	0	0	0	0	0	0	0	0	107	0	0	0	0	0	0	0
OTU778	0	0	0	0	0	0	0	0	0	0	1	0	0	0	4	0	0	0	0	0	0	0	0	0	0	0	0	0	0	0	0	0	0	0	0	0	0	0	0	0	0
OTU794	0	0	0	0	0	0	0	0	0	0	3	0	0	0	0	0	0	0	0	0	0	0	0	0	0	0	0	0	0	0	0	0	0	0	0	0	0	0	0	0	0
OTU152	0	0	0	0	0	0	0	0	0	0	4	0	0	0	11	0	0	0	121	0	0	0	83	0	0	0	0	0	0	0	1	0	0	0	0	0	0	0	0	0	0
OTU938	0	0	0	0	0	0	0	0	0	0	2	0	0	0	1	0	0	0	0	0	0	0	0	0	0	0	0	0	0	0	0	0	0	0	0	0	0	0	0	1	1
OTU873	0	0	0	0	0	0	0	0	0	0	4	0	0	0	4	0	0	0	0	0	0	0	0	0	0	0	0	0	0	0	0	0	0	0	0	0	0	0	0	0	0
OTU847	0	0	0	0	0	0	0	0	0	0	1	0	0	0	5	0	0	0	0	0	0	0	0	0	0	0	0	0	0	0	0	0	0	0	0	0	0	0	0	0	0
OTU45	0	0	0	0	0	0	0	0	0	0	1	0	0	0	2	0	0	0	0	0	0	0	0	0	26	0	0	0	6	4562	0	0	0	1	86	0	0	0	0	0	1
OTU941	0	0	0	0	0	0	0	0	0	0	1	0	0	0	0	0	0	0	4	0	0	0	3	0	0	0	3	0	0	0	0	0	0	0	0	3	0	0	0	1	0
OTU255	0	0	0	0	0	0	0	0	0	0	1	0	0	0	4	0	0	0	0	0	0	0	0	0	81	0	0	0	0	0	0	0	0	0	0	2	0	0	0	0	0
OTU443	0	0	0	0	0	0	0	0	0	0	0	40	0	0	0	0	0	0	0	0	0	0	0	0	0	0	0	0	0	0	0	0	0	0	0	0	0	0	0	0	0
OTU162	0	0	0	0	0	0	0	0	0	0	0	24	8	116	0	0	15	0	1	0	0	0	0	0	0	0	0	0	0	0	0	0	0	0	0	0	0	0	0	0	0
OTU222	0	0	0	0	0	0	0	0	0	0	0	35	0	0	0	0	0	0	0	0	0	0	0	0	0	0	0	0	0	0	0	0	0	0	0	0	0	0	0	0	0
OTU444	0	0	0	0	0	0	0	0	0	0	0	12	0	0	0	0	0	0	0	0	0	0	0	0	0	0	0	0	0	0	0	0	0	0	0	0	0	0	0	0	0
OTU343	0	0	0	0	0	0	0	0	0	0	0	14	0	0	0	0	0	0	0	0	0	0	0	0	0	0	0	0	0	0	0	0	0	0	0	0	0	0	0	0	0
OTU556	0	0	0	0	0	0	0	0	0	0	0	7	0	0	0	0	0	0	0	0	0	0	0	0	0	0	0	0	0	0	0	0	0	0	0	0	1	0	0	0	0
OTU302	0	0	0	0	0	0	0	0	0	0	0	3	0	36	0	0	0	0	0	0	0	0	0	13	0	0	0	0	0	0	0	0	0	0	0	0	0	0	0	0	0
OTU313	0	0	0	0	0	0	0	0	0	0	0	0	149	0	11	0	0	0	0	0	0	0	0	0	0	0	0	0	0	0	0	0	0	0	0	0	0	0	0	0	0
OTU275	0	0	0	0	0	0	0	0	0	0	0	0	105	0	0	0	0	0	0	0	0	0	0	0	0	0	0	0	0	0	0	0	0	0	0	0	0	0	0	0	0
OTU382	0	0	0	0	0	0	0	0	0	0	0	0	201	0	1	0	0	0	0	0	0	0	0	0	0	0	0	0	0	0	0	0	0	0	0	0	0	0	0	0	0
OTU408	0	0	0	0	0	0	0	0	0	0	0	0	40	0	0	0	0	0	0	0	0	0	0	0	0	0	0	0	0	0	1	0	0	0	0	0	0	0	0	0	0
OTU617	0	0	0	0	0	0	0	0	0	0	0	0	21	0	0	0	0	0	0	0	0	0	0	0	0	0	0	0	0	0	0	0	0	0	0	0	0	0	0	0	0
OTU682	0	0	0	0	0	0	0	0	0	0	0	0	3	0	0	0	0	0	0	0	0	0	0	0	0	0	0	0	0	0	5	0	0	0	0	0	0	0	0	0	0
OTU565	0	0	0	0	0	0	0	0	0	0	0	0	17	0	0	0	0	0	0	0	0	0	0	0	0	0	0	0	0	0	0	0	0	0	0	0	0	0	0	0	0
OTU578	0	0	0	0	0	0	0	0	0	0	0	0	14	0	0	0	0	0	0	0	0	0	0	0	0	0	0	0	0	0	0	0	0	0	0	0	0	0	0	0	0
OTU895	0	0	0	0	0	0	0	0	0	0	0	0	6	0	0	0	0	0	0	0	0	0	0	0	0	0	0	0	0	0	0	0	0	0	0	0	0	0	0	0	0
OTU909	0	0	0	0	0	0	0	0	0	0	0	0	1	0	0	0	0	0	0	0	0	0	0	0	0	0	0	0	0	0	0	0	0	0	0	0	5	2	0	0	0
OTU142	0	0	0	0	0	0	0	0	0	0	0	0	0	47	0	1	0	0	0	0	0	0	0	19	0	86	0	0	0	0	0	0	10	0	0	0	0	0	0	0	0
OTU135	0	0	0	0	0	0	0	0	0	0	0	0	0	121	2	0	0	0	0	0	0	0	0	0	0	0	0	0	0	0	0	0	0	0	0	0	0	0	0	0	0
OTU272	0	0	0	0	0	0	0	0	0	0	0	0	0	45	0	0	0	0	0	0	0	0	0	0	0	0	0	0	0	0	0	0	0	0	0	0	0	0	0	0	0
OTU21	0	0	0	0	0	0	0	0	0	0	0	0	0	29	0	0	45	0	0	6	0	0	0	0	0	548	0	0	0	5024	0	0	0	0	0	0	0	0	0	0	0
OTU619	0	0	0	0	0	0	0	0	0	0	0	0	0	20	0	0	0	0	0	0	0	0	0	0	0	0	0	0	0	0	0	0	0	0	0	0	0	0	0	0	0
OTU323	0	0	0	0	0	0	0	0	0	0	0	0	0	34	0	0	0	0	0	0	0	0	0	0	0	0	0	0	0	0	0	0	0	0	0	0	0	0	0	0	0
OTU300	0	0	0	0	0	0	0	0	0	0	0	0	0	37	0	0	0	0	0	0	0	0	0	0	0	0	0	0	0	0	0	0	0	0	0	0	0	0	0	0	0
OTU60	0	0	0	0	0	0	0	0	0	0	0	0	0	22	0	0	0	0	0	0	0	0	0	0	0	820	0	0	5	0	0	0	0	0	0	0	0	0	0	0	0
OTU926	0	0	0	0	0	0	0	0	0	0	0	0	0	22	1	0	3	0	0	0	0	0	0	1	0	0	0	0	0	0	0	0	0	0	0	0	0	0	0	0	0
OTU441	0	0	0	0	0	0	0	0	0	0	0	0	0	14	0	0	0	0	0	0	0	0	0	0	0	0	0	0	0	0	0	0	0	0	0	0	0	0	0	0	0
OTU720	0	0	0	0	0	0	0	0	0	0	0	0	0	0	5	0	0	0	0	0	0	0	0	0	0	0	0	0	0	0	0	0	0	0	0	0	0	0	0	0	0
OTU551	0	0	0	0	0	0	0	0	0	0	0	0	0	0	15	0	0	0	0	0	0	0	0	0	0	0	0	0	0	0	0	0	0	0	0	0	0	0	0	0	1
OTU66	0	0	0	0	0	0	0	0	0	0	0	0	0	0	3	0	420	0	0	0	0	0	0	0	73	0	0	0	0	0	0	0	0	68	0	0	0	1	0	0	0
OTU669	0	0	0	0	0	0	0	0	0	0	0	0	0	0	7	0	0	0	0	0	0	0	0	0	0	0	0	0	0	0	0	0	0	0	0	0	0	0	0	0	0
OTU604	0	0	0	0	0	0	0	0	0	0	0	0	0	0	20	0	0	0	0	0	0	0	0	0	0	0	0	0	0	0	0	0	0	0	0	1	0	0	1	0	0
OTU710	0	0	0	0	0	0	0	0	0	0	0	0	0	0	2	0	0	0	0	0	0	0	0	0	0	0	0	0	0	0	0	0	0	0	0	0	0	0	0	0	0
OTU918	0	0	0	0	0	0	0	0	0	0	0	0	0	0	11	0	0	0	0	0	0	0	0	0	0	0	0	0	0	0	0	0	0	0	0	0	0	0	0	0	0
OTU399	0	0	0	0	0	0	0	0	0	0	0	0	0	0	28	0	0	0	0	0	0	0	1	0	0	0	0	0	0	0	1	0	0	0	0	0	0	0	0	0	0
OTU812	0	0	0	0	0	0	0	0	0	0	0	0	0	0	3	0	0	0	0	0	0	0	0	0	0	0	0	0	0	0	0	0	0	0	0	0	0	0	0	0	0
OTU711	0	0	0	0	0	0	0	0	0	0	0	0	0	0	2	0	0	0	0	0	0	0	0	0	0	0	0	0	0	0	0	0	0	0	0	0	0	0	0	0	0
OTU581	0	0	0	0	0	0	0	0	0	0	0	0	0	0	1	0	0	0	0	0	0	0	0	0	0	0	0	0	0	0	4	0	0	0	0	0	0	0	0	0	0
OTU637	0	0	0	0	0	0	0	0	0	0	0	0	0	0	6	0	0	0	0	0	0	0	0	0	0	0	0	0	0	0	0	0	0	0	0	0	0	0	0	0	0
OTU915	0	0	0	0	0	0	0	0	0	0	0	0	0	0	2	0	0	0	0	0	0	0	0	0	0	0	0	0	0	0	0	0	0	0	0	0	0	0	0	0	0
OTU787	0	0	0	0	0	0	0	0	0	0	0	0	0	0	1	0	0	0	0	0	0	0	13	0	0	0	0	0	0	0	4	0	0	0	0	0	0	0	0	0	0
OTU786	0	0	0	0	0	0	0	0	0	0	0	0	0	0	5	0	0	0	0	0	0	0	0	0	0	0	0	0	0	0	0	0	0	0	0	0	0	0	0	0	0
OTU678	0	0	0	0	0	0	0	0	0	0	0	0	0	0	3	0	0	0	0	0	0	0	0	0	0	0	0	0	0	0	0	0	0	0	0	0	0	0	0	0	0
OTU932	0	0	0	0	0	0	0	0	0	0	0	0	0	0	2	0	0	0	0	0	0	0	0	0	0	0	0	0	0	0	0	0	0	0	0	0	0	0	0	0	0
OTU906	0	0	0	0	0	0	0	0	0	0	0	0	0	0	5	0	0	0	1	0	0	0	0	0	0	0	0	0	0	0	0	0	0	0	0	0	0	0	0	0	0
OTU642	0	0	0	0	0	0	0	0	0	0	0	0	0	0	3	0	0	0	0	0	0	0	0	0	0	0	0	0	0	0	0	0	0	0	0	0	0	0	0	0	0
OTU626	0	0	0	0	0	0	0	0	0	0	0	0	0	0	6	0	0	0	0	0	0	0	0	0	0	0	0	0	0	0	0	0	0	0	0	0	0	0	0	0	0
OTU89	0	0	0	0	0	0	0	0	0	0	0	0	0	0	2	0	0	0	1	0	0	0	0	0	0	0	0	0	479	0	3	0	0	1	0	0	0	2	3	0	0
OTU961	0	0	0	0	0	0	0	0	0	0	0	0	0	0	4	0	0	0	0	0	0	0	0	0	0	0	0	0	0	0	0	0	0	0	0	0	0	0	0	0	0
OTU700	0	0	0	0	0	0	0	0	0	0	0	0	0	0	3	0	0	0	0	0	0	0	0	0	0	0	0	0	0	0	0	0	0	0	0	0	0	0	0	0	0
OTU751	0	0	0	0	0	0	0	0	0	0	0	0	0	0	3	0	0	0	0	0	0	0	0	0	0	0	0	0	0	0	0	0	0	0	0	0	0	0	0	0	0
OTU732	0	0	0	0	0	0	0	0	0	0	0	0	0	0	4	0	0	0	0	0	0	0	0	0	0	0	0	0	0	0	0	0	0	0	0	0	0	0	0	0	0
OTU688	0	0	0	0	0	0	0	0	0	0	0	0	0	0	7	0	0	0	0	0	0	0	0	0	0	0	0	0	0	0	1	0	0	0	0	0	0	0	0	0	0
OTU641	0	0	0	0	0	0	0	0	0	0	0	0	0	0	4	0	0	0	0	0	0	0	0	0	0	0	0	0	0	0	0	0	0	0	0	0	0	0	0	0	0
OTU907	0	0	0	0	0	0	0	0	0	0	0	0	0	0	4	0	0	0	0	0	0	0	0	0	0	0	0	0	0	0	0	0	0	0	0	0	0	0	0	0	0
OTU707	0	0	0	0	0	0	0	0	0	0	0	0	0	0	6	0	0	0	0	0	0	0	0	0	0	0	0	0	0	0	0	0	0	0	0	0	0	0	0	0	0
OTU850	0	0	0	0	0	0	0	0	0	0	0	0	0	0	3	0	0	0	0	0	0	0	0	0	0	0	0	0	0	0	0	0	0	0	0	0	0	0	0	0	0
OTU425	0	0	0	0	0	0	0	0	0	0	0	0	0	0	3	0	0	0	31	0	0	0	34	0	0	0	0	0	0	0	0	0	0	0	0	0	0	0	0	0	0
OTU484	0	0	0	0	0	0	0	0	0	0	0	0	0	0	4	0	0	0	0	0	0	0	0	0	0	0	0	0	0	0	0	0	0	0	0	0	0	0	0	0	0
OTU699	0	0	0	0	0	0	0	0	0	0	0	0	0	0	3	0	0	0	0	0	0	0	0	0	0	0	0	0	0	0	0	0	0	0	0	0	0	0	0	0	0
OTU519	0	0	0	0	0	0	0	0	0	0	0	0	0	0	6	0	0	0	0	0	0	0	0	0	0	0	0	0	0	0	0	0	0	0	0	0	0	0	0	0	0
OTU804	0	0	0	0	0	0	0	0	0	0	0	0	0	0	4	0	0	0	0	0	0	0	0	0	0	0	0	0	0	0	0	0	0	0	0	0	0	0	0	0	0
OTU717	0	0	0	0	0	0	0	0	0	0	0	0	0	0	2	0	0	0	0	0	0	0	0	0	0	0	0	0	0	0	0	0	0	0	0	0	0	0	0	0	0
OTU807	0	0	0	0	0	0	0	0	0	0	0	0	0	0	3	0	0	0	0	0	0	0	0	0	0	0	0	0	0	0	0	0	0	0	0	0	0	0	0	0	0
OTU676	0	0	0	0	0	0	0	0	0	0	0	0	0	0	5	0	0	0	0	0	0	0	0	0	0	0	0	0	0	0	0	0	0	0	0	0	0	0	0	0	0
OTU803	0	0	0	0	0	0	0	0	0	0	0	0	0	0	4	0	0	0	0	0	0	0	0	0	0	0	0	0	0	0	0	0	0	0	0	0	0	0	0	0	0
OTU733	0	0	0	0	0	0	0	0	0	0	0	0	0	0	1	0	0	0	0	0	0	0	1	0	0	0	0	0	0	0	0	0	0	0	0	2	0	0	0	0	1
OTU128	0	0	0	0	0	0	0	0	0	0	0	0	0	0	1	0	0	0	5	0	0	0	14	14	0	0	285	0	0	0	0	0	0	0	0	3	0	0	0	0	0
OTU429	0	0	0	0	0	0	0	0	0	0	0	0	0	0	4	0	0	0	0	0	0	0	0	0	0	0	0	0	0	0	0	0	0	0	0	0	0	0	1	0	0
OTU632	0	0	0	0	0	0	0	0	0	0	0	0	0	0	3	0	0	0	0	0	0	0	0	0	0	0	0	0	0	0	0	0	0	0	0	0	0	0	0	0	0
OTU887	0	0	0	0	0	0	0	0	0	0	0	0	0	0	1	0	0	0	2	0	0	0	1	0	0	0	0	0	0	1	10	1	0	0	1	0	0	0	0	0	0
OTU50	0	0	0	0	0	0	0	0	0	0	0	0	0	0	1	0	0	0	0	0	0	0	0	0	9	0	0	0	0	8	0	0	0	15	1660	0	0	0	0	0	0
OTU602	0	0	0	0	0	0	0	0	0	0	0	0	0	0	1	0	0	0	0	0	0	0	25	0	0	0	0	0	0	0	1	0	0	0	0	0	0	0	0	0	0
OTU381	0	0	0	0	0	0	0	0	0	0	0	0	0	0	2	0	0	0	0	0	0	0	7	0	0	0	0	0	0	0	8	1	0	0	0	0	0	0	0	0	1
OTU233	0	0	0	0	0	0	0	0	0	0	0	0	0	0	1	0	0	0	0	0	1	0	0	0	92	0	0	0	0	0	0	0	0	0	0	0	1	0	0	0	0
OTU647	0	0	0	0	0	0	0	0	0	0	0	0	0	0	1	0	0	0	0	0	0	0	0	0	0	0	0	0	0	0	0	5	0	0	0	0	0	0	0	0	1
OTU206	0	0	0	0	0	0	0	0	0	0	0	0	0	0	2	0	0	0	1	0	0	0	1	0	0	0	0	0	0	0	8	106	0	0	0	0	0	0	0	0	0
OTU375	0	0	0	0	0	0	0	0	0	0	0	0	0	0	1	7	0	0	0	0	0	0	0	0	0	25	0	0	0	0	0	0	0	0	0	0	0	0	0	0	0
OTU631	0	0	0	0	0	0	0	0	0	0	0	0	0	0	2	0	0	0	0	0	0	0	0	2	0	0	0	0	0	0	0	0	1	0	0	0	0	0	0	0	0
OTU874	0	0	0	0	0	0	0	0	0	0	0	0	0	0	3	0	0	0	3	0	0	0	0	0	0	0	0	0	0	0	2	0	0	0	0	1	0	0	0	0	0
OTU741	0	0	0	0	0	0	0	0	0	0	0	0	0	0	2	0	0	0	0	0	0	0	0	0	0	0	0	0	0	0	0	0	0	0	0	0	0	0	0	0	0
OTU900	0	0	0	0	0	0	0	0	0	0	0	0	0	0	1	0	0	0	0	0	0	0	0	0	0	0	0	0	0	0	3	0	0	0	0	0	0	0	0	0	0
OTU876	0	0	0	0	0	0	0	0	0	0	0	0	0	0	0	6	0	0	0	0	0	0	0	0	0	0	0	0	0	0	0	0	0	0	0	0	0	0	0	0	0
OTU610	0	0	0	0	0	0	0	0	0	0	0	0	0	0	0	3	0	0	0	0	0	29	0	0	0	0	0	0	0	0	0	0	0	0	0	0	0	0	0	0	0
OTU137	0	0	0	0	0	0	0	0	0	0	0	0	0	0	0	10	85	29	0	0	6	0	0	0	0	0	0	0	0	0	0	0	0	0	0	0	0	0	0	0	0
OTU506	0	0	0	0	0	0	0	0	0	0	0	0	0	0	0	6	0	0	0	1	0	0	0	0	0	0	0	0	8	0	0	0	0	0	0	0	0	0	0	0	0
OTU825	0	0	0	0	0	0	0	0	0	0	0	0	0	0	0	3	14	0	0	0	0	0	0	0	0	0	0	0	0	0	0	0	0	0	0	0	0	0	0	0	0
OTU160	0	0	0	0	0	0	0	0	0	0	0	0	0	0	0	0	86	0	0	0	0	0	0	0	0	0	0	0	0	0	0	0	0	0	0	0	0	0	0	0	0
OTU512	0	0	0	0	0	0	0	0	0	0	0	0	0	0	0	0	17	0	0	0	0	0	0	0	0	0	0	0	0	0	0	0	0	0	0	0	0	0	0	0	0
OTU221	0	0	0	0	0	0	0	0	0	0	0	0	0	0	0	0	30	1	0	0	0	0	0	0	45	0	0	0	0	0	0	0	0	0	21	0	0	0	0	0	0
OTU223	0	0	0	0	0	0	0	0	0	0	0	0	0	0	0	0	35	0	0	0	0	0	0	0	0	0	0	0	0	0	0	0	0	0	0	0	0	0	0	0	0
OTU811	0	0	0	0	0	0	0	0	0	0	0	0	0	0	0	0	1	0	0	0	0	1	0	1	6	0	0	0	0	154	0	0	0	0	0	0	0	0	0	0	1
OTU350	0	0	0	0	0	0	0	0	0	0	0	0	0	0	0	0	30	0	0	0	0	0	0	0	0	0	0	0	0	0	0	0	0	0	0	0	0	0	0	0	0
OTU633	0	0	0	0	0	0	0	0	0	0	0	0	0	0	0	0	19	0	0	0	0	0	0	0	0	0	0	0	0	0	0	0	0	0	0	0	0	0	0	0	0
OTU455	0	0	0	0	0	0	0	0	0	0	0	0	0	0	0	0	10	0	0	0	0	0	0	0	0	0	0	0	0	0	0	0	0	0	0	0	0	0	0	0	0
OTU701	0	0	0	0	0	0	0	0	0	0	0	0	0	0	0	0	4	0	0	0	0	0	0	0	0	0	0	0	0	0	0	0	0	0	0	0	0	0	0	0	0
OTU577	0	0	0	0	0	0	0	0	0	0	0	0	0	0	0	0	0	22	0	0	0	0	0	0	0	0	0	0	0	0	0	0	0	0	0	0	0	0	0	0	0
OTU481	0	0	0	0	0	0	0	0	0	0	0	0	0	0	0	0	0	0	2	0	0	0	10	0	0	0	0	0	0	0	0	0	0	0	0	0	0	0	0	0	0
OTU567	0	0	0	0	0	0	0	0	0	0	0	0	0	0	0	0	0	0	5	0	0	0	8	0	0	0	1	0	0	0	0	2	0	0	0	2	0	0	0	1	1
OTU488	0	0	0	0	0	0	0	0	0	0	0	0	0	0	0	0	0	0	18	0	0	0	9	0	0	0	2	0	0	0	1	4	0	0	0	1	0	0	0	0	0
OTU298	0	0	0	0	0	0	0	0	0	0	0	0	0	0	0	0	0	0	14	0	0	0	8	0	0	0	6	0	0	0	5	13	0	0	0	14	0	0	0	4	4
OTU649	0	0	0	0	0	0	0	0	0	0	0	0	0	0	0	0	0	0	6	0	0	0	7	0	0	0	0	0	0	0	0	0	0	0	0	0	0	0	0	0	0
OTU655	0	0	0	0	0	0	0	0	0	0	0	0	0	0	0	0	0	0	2	0	0	0	0	0	0	0	0	0	0	0	0	0	0	0	0	0	0	0	0	0	0
OTU615	0	0	0	0	0	0	0	0	0	0	0	0	0	0	0	0	0	0	3	0	0	0	2	0	0	0	8	0	0	0	5	13	0	0	0	1	0	0	0	3	1
OTU248	0	0	0	0	0	0	0	0	0	0	0	0	0	0	0	0	0	0	2	0	0	0	2	0	0	0	4	0	0	0	17	6	0	0	0	0	0	0	0	0	0
OTU564	0	0	0	0	0	0	0	0	0	0	0	0	0	0	0	0	0	0	1	13	0	0	0	0	0	0	0	0	0	0	0	0	0	0	0	0	0	0	0	0	0
OTU868	0	0	0	0	0	0	0	0	0	0	0	0	0	0	0	0	0	0	1	0	0	0	1	0	0	0	1	0	0	0	4	2	0	0	0	0	0	0	0	0	0
OTU497	0	0	0	0	0	0	0	0	0	0	0	0	0	0	0	0	0	0	2	0	0	0	2	0	0	0	6	0	0	1	2	4	0	0	0	8	0	0	0	0	0
OTU750	0	0	0	0	0	0	0	0	0	0	0	0	0	0	0	0	0	0	1	0	0	0	9	0	0	0	0	0	0	0	0	1	0	0	0	0	0	0	0	0	0
OTU240	0	0	0	0	0	0	0	0	0	0	0	0	0	0	0	0	0	0	0	15	2	44	0	0	0	0	0	0	0	0	0	0	0	0	0	0	0	0	0	0	1
OTU580	0	0	0	0	0	0	0	0	0	0	0	0	0	0	0	0	0	0	0	7	0	0	0	0	0	0	0	0	0	0	0	0	0	0	0	1	0	0	2	0	0
OTU599	0	0	0	0	0	0	0	0	0	0	0	0	0	0	0	0	0	0	0	0	2	0	0	0	0	0	0	0	0	0	0	0	0	0	0	0	0	0	0	0	0
OTU376	0	0	0	0	0	0	0	0	0	0	0	0	0	0	0	0	0	0	0	0	0	1	0	0	0	0	0	0	0	0	0	0	0	0	0	0	102	0	0	0	0
OTU219	0	0	0	0	0	0	0	0	0	0	0	0	0	0	0	0	0	0	0	0	0	0	49	0	0	0	0	0	0	0	0	0	0	0	0	0	0	0	0	0	6
OTU311	0	0	0	0	0	0	0	0	0	0	0	0	0	0	0	0	0	0	0	0	0	0	13	0	0	0	1	0	0	0	35	0	0	0	0	0	0	0	0	0	0
OTU530	0	0	0	0	0	0	0	0	0	0	0	0	0	0	0	0	0	0	0	0	0	0	5	0	0	0	6	0	0	0	10	17	0	0	0	0	0	0	0	0	1
OTU431	0	0	0	0	0	0	0	0	0	0	0	0	0	0	0	0	0	0	0	0	0	0	8	0	0	0	0	0	0	0	14	0	0	0	0	1	0	0	0	0	0
OTU353	0	0	0	0	0	0	0	0	0	0	0	0	0	0	0	0	0	0	0	0	0	0	13	0	0	0	0	0	0	0	0	0	0	0	0	0	0	0	0	0	0
OTU774	0	0	0	0	0	0	0	0	0	0	0	0	0	0	0	0	0	0	0	0	0	0	6	0	0	0	0	0	158	0	2	0	0	0	0	0	0	0	0	0	0
OTU453	0	0	0	0	0	0	0	0	0	0	0	0	0	0	0	0	0	0	0	0	0	0	2	0	0	0	0	0	0	0	0	0	0	0	0	0	0	0	0	3	9
OTU821	0	0	0	0	0	0	0	0	0	0	0	0	0	0	0	0	0	0	0	0	0	0	3	0	0	0	0	0	0	0	0	0	0	0	0	0	0	0	0	0	0
OTU325	0	0	0	0	0	0	0	0	0	0	0	0	0	0	0	0	0	0	0	0	0	0	3	0	0	0	0	0	0	0	19	0	0	0	0	0	0	0	0	0	1
OTU744	0	0	0	0	0	0	0	0	0	0	0	0	0	0	0	0	0	0	0	0	0	0	2	0	0	0	0	0	0	0	0	0	0	0	0	0	0	0	0	0	0
OTU616	0	0	0	0	0	0	0	0	0	0	0	0	0	0	0	0	0	0	0	0	0	0	1	0	0	0	9	0	0	0	1	3	0	0	0	7	0	0	0	0	0
OTU743	0	0	0	0	0	0	0	0	0	0	0	0	0	0	0	0	0	0	0	0	0	0	2	0	0	0	1	0	0	0	1	0	0	0	0	0	0	0	0	0	0
OTU470	0	0	0	0	0	0	0	0	0	0	0	0	0	0	0	0	0	0	0	0	0	0	1	0	0	0	0	0	1	0	13	1	0	0	0	0	0	0	0	0	0
OTU569	0	0	0	0	0	0	0	0	0	0	0	0	0	0	0	0	0	0	0	0	0	0	0	12	0	0	0	0	0	0	0	0	0	0	0	0	0	0	0	0	0
OTU589	0	0	0	0	0	0	0	0	0	0	0	0	0	0	0	0	0	0	0	0	0	0	0	14	0	0	0	0	0	0	0	0	0	0	0	0	0	0	0	0	0
OTU793	0	0	0	0	0	0	0	0	0	0	0	0	0	0	0	0	0	0	0	0	0	0	0	16	0	0	0	0	0	0	0	0	0	0	0	0	0	0	0	0	0
OTU797	0	0	0	0	0	0	0	0	0	0	0	0	0	0	0	0	0	0	0	0	0	0	0	11	0	0	0	0	0	0	0	0	0	0	0	0	0	0	0	0	0
OTU282	0	0	0	0	0	0	0	0	0	0	0	0	0	0	0	0	0	0	0	0	0	0	0	0	263	0	0	0	0	0	0	0	0	0	0	0	0	0	0	0	0
OTU113	0	0	0	0	0	0	0	0	0	0	0	0	0	0	0	0	0	0	0	0	0	0	0	0	994	0	0	0	3	0	0	0	0	0	0	0	0	0	0	0	0
OTU83	0	0	0	0	0	0	0	0	0	0	0	0	0	0	0	0	0	0	0	0	0	0	0	0	1435	0	0	0	0	0	0	0	0	0	0	0	0	0	0	0	0
OTU885	0	0	0	0	0	0	0	0	0	0	0	0	0	0	0	0	0	0	0	0	0	0	0	0	961	0	0	0	2	0	0	0	0	0	0	0	0	0	0	0	0
OTU501	0	0	0	0	0	0	0	0	0	0	0	0	0	0	0	0	0	0	0	0	0	0	0	0	28	0	0	0	0	0	0	0	0	0	0	0	0	0	0	0	0
OTU621	0	0	0	0	0	0	0	0	0	0	0	0	0	0	0	0	0	0	0	0	0	0	0	0	46	0	0	0	0	0	0	0	0	0	0	0	0	0	0	0	0
OTU131	0	0	0	0	0	0	0	0	0	0	0	0	0	0	0	0	0	0	0	0	0	0	0	0	417	0	0	0	0	0	0	0	0	0	0	0	0	0	0	0	0
OTU264	0	0	0	0	0	0	0	0	0	0	0	0	0	0	0	0	0	0	0	0	0	0	0	0	32	0	0	0	0	0	0	0	0	0	0	0	0	0	0	0	0
OTU650	0	0	0	0	0	0	0	0	0	0	0	0	0	0	0	0	0	0	0	0	0	0	0	0	191	0	0	0	0	0	0	0	0	0	0	0	0	0	0	0	0
OTU403	0	0	0	0	0	0	0	0	0	0	0	0	0	0	0	0	0	0	0	0	0	0	0	0	32	0	0	0	21	0	0	0	0	0	0	0	0	0	0	0	0
OTU77	0	0	0	0	0	0	0	0	0	0	0	0	0	0	0	0	0	0	0	0	0	0	0	0	27	1014	0	0	0	0	1	0	0	82	0	0	0	0	0	0	0
OTU500	0	0	0	0	0	0	0	0	0	0	0	0	0	0	0	0	0	0	0	0	0	0	0	0	36	0	0	0	0	0	0	0	0	0	0	0	0	0	0	0	0
OTU84	0	0	0	0	0	0	0	0	0	0	0	0	0	0	0	0	0	0	0	0	0	0	0	0	23	0	0	0	0	0	0	0	0	95	847	0	0	0	0	0	0
OTU643	0	0	0	0	0	0	0	0	0	0	0	0	0	0	0	0	0	0	0	0	0	0	0	0	30	0	0	0	0	0	0	0	0	0	0	0	0	0	0	0	0
OTU130	0	0	0	0	0	0	0	0	0	0	0	0	0	0	0	0	0	0	0	0	0	0	0	0	6	0	0	0	0	0	0	0	0	1	507	0	0	0	0	0	0
OTU755	0	0	0	0	0	0	0	0	0	0	0	0	0	0	0	0	0	0	0	0	0	0	0	0	22	0	0	0	0	0	0	0	0	0	0	0	0	0	0	0	0
OTU558	0	0	0	0	0	0	0	0	0	0	0	0	0	0	0	0	0	0	0	0	0	0	0	0	25	0	0	0	0	0	0	0	0	0	0	0	0	0	0	0	0
OTU146	0	0	0	0	0	0	0	0	0	0	0	0	0	0	0	0	0	0	0	0	0	0	0	0	10	0	0	0	0	0	1	0	0	5	1898	0	0	0	0	0	0
OTU808	0	0	0	0	0	0	0	0	0	0	0	0	0	0	0	0	0	0	0	0	0	0	0	0	18	0	0	0	17	0	0	0	0	0	0	0	0	0	0	0	0
OTU97	0	0	0	0	0	0	0	0	0	0	0	0	0	0	0	0	0	0	0	0	0	0	0	0	5	0	0	0	0	0	0	0	0	0	653	0	0	0	0	0	0
OTU709	0	0	0	0	0	0	0	0	0	0	0	0	0	0	0	0	0	0	0	0	0	0	0	0	2	0	0	0	0	0	0	0	0	6	534	0	0	0	0	0	0
OTU124	0	0	0	0	0	0	0	0	0	0	0	0	0	0	0	0	0	0	0	0	0	0	0	0	1	0	0	0	0	0	0	0	0	192	0	0	0	0	0	0	0
OTU225	0	0	0	0	0	0	0	0	0	0	0	0	0	0	0	0	0	0	0	0	0	0	0	0	5	0	0	0	0	0	0	0	0	7	546	0	0	0	0	0	0
OTU708	0	0	0	0	0	0	0	0	0	0	0	0	0	0	0	0	0	0	0	0	0	0	0	0	1	0	0	0	0	0	0	0	0	3	321	0	0	0	0	0	0
OTU713	0	0	0	0	0	0	0	0	0	0	0	0	0	0	0	0	0	0	0	0	0	0	0	0	1	0	0	0	0	0	0	0	0	1	363	0	0	0	0	0	0
OTU475	0	0	0	0	0	0	0	0	0	0	0	0	0	0	0	0	0	0	0	0	0	0	0	0	1	0	0	0	34	0	0	0	0	0	0	0	0	0	0	0	0
OTU80	0	0	0	0	0	0	0	0	0	0	0	0	0	0	0	0	0	0	0	0	0	0	0	0	2	0	0	0	153	0	1	0	0	5	309	0	0	0	1	0	0
OTU510	0	0	0	0	0	0	0	0	0	0	0	0	0	0	0	0	0	0	0	0	0	0	0	0	0	43	0	0	0	0	0	0	0	0	0	0	0	0	0	0	0
OTU555	0	0	0	0	0	0	0	0	0	0	0	0	0	0	0	0	0	0	0	0	0	0	0	0	0	0	1	0	0	0	10	6	0	0	0	0	0	0	0	0	0
OTU790	0	0	0	0	0	0	0	0	0	0	0	0	0	0	0	0	0	0	0	0	0	0	0	0	0	0	2	0	0	0	7	4	0	0	0	0	0	0	0	0	0
OTU849	0	0	0	0	0	0	0	0	0	0	0	0	0	0	0	0	0	0	0	0	0	0	0	0	0	0	0	27	0	0	0	0	0	0	0	0	0	0	0	0	0
OTU464	0	0	0	0	0	0	0	0	0	0	0	0	0	0	0	0	0	0	0	0	0	0	0	0	0	0	0	88	0	0	0	0	0	0	0	0	0	0	0	0	0
OTU262	0	0	0	0	0	0	0	0	0	0	0	0	0	0	0	0	0	0	0	0	0	0	0	0	0	0	0	85	0	0	0	0	0	0	0	0	0	0	0	0	0
OTU398	0	0	0	0	0	0	0	0	0	0	0	0	0	0	0	0	0	0	0	0	0	0	0	0	0	0	0	0	91	0	0	0	0	0	0	0	0	2	1	0	0
OTU265	0	0	0	0	0	0	0	0	0	0	0	0	0	0	0	0	0	0	0	0	0	0	0	0	0	0	0	0	141	0	0	0	0	0	0	0	0	0	0	0	0
OTU571	0	0	0	0	0	0	0	0	0	0	0	0	0	0	0	0	0	0	0	0	0	0	0	0	0	0	0	0	25	0	0	0	0	0	0	0	0	0	0	0	0
OTU266	0	0	0	0	0	0	0	0	0	0	0	0	0	0	0	0	0	0	0	0	0	0	0	0	0	0	0	0	33	0	0	0	0	0	0	0	0	0	0	0	0
OTU593	0	0	0	0	0	0	0	0	0	0	0	0	0	0	0	0	0	0	0	0	0	0	0	0	0	0	0	0	40	0	0	0	0	0	0	0	0	0	1	0	0
OTU460	0	0	0	0	0	0	0	0	0	0	0	0	0	0	0	0	0	0	0	0	0	0	0	0	0	0	0	0	121	0	0	0	0	0	0	0	0	0	0	0	0
OTU636	0	0	0	0	0	0	0	0	0	0	0	0	0	0	0	0	0	0	0	0	0	0	0	0	0	0	0	0	26	0	0	0	0	0	0	0	0	0	0	0	0
OTU406	0	0	0	0	0	0	0	0	0	0	0	0	0	0	0	0	0	0	0	0	0	0	0	0	0	0	0	0	22	0	0	0	0	0	0	0	0	0	0	0	0
OTU288	0	0	0	0	0	0	0	0	0	0	0	0	0	0	0	0	0	0	0	0	0	0	0	0	0	0	0	0	1	0	0	0	0	1	123	0	0	0	0	0	0
OTU498	0	0	0	0	0	0	0	0	0	0	0	0	0	0	0	0	0	0	0	0	0	0	0	0	0	0	0	0	6	0	1	0	0	0	0	0	0	0	0	0	0
OTU499	0	0	0	0	0	0	0	0	0	0	0	0	0	0	0	0	0	0	0	0	0	0	0	0	0	0	0	0	7	0	0	0	0	0	0	0	0	0	0	0	0
OTU795	0	0	0	0	0	0	0	0	0	0	0	0	0	0	0	0	0	0	0	0	0	0	0	0	0	0	0	0	7	0	0	0	0	0	40	0	0	0	0	0	0
OTU777	0	0	0	0	0	0	0	0	0	0	0	0	0	0	0	0	0	0	0	0	0	0	0	0	0	0	0	0	5	0	0	0	0	0	0	0	0	0	0	0	0
OTU42	0	0	0	0	0	0	0	0	0	0	0	0	0	0	0	0	0	0	0	0	0	0	0	0	0	0	0	0	0	4765	0	0	0	0	0	0	0	0	0	0	0
OTU252	0	0	0	0	0	0	0	0	0	0	0	0	0	0	0	0	0	0	0	0	0	0	0	0	0	0	0	0	0	161	0	0	0	0	0	0	0	0	0	0	0
OTU924	0	0	0	0	0	0	0	0	0	0	0	0	0	0	0	0	0	0	0	0	0	0	0	0	0	0	0	0	0	0	3	1	0	0	0	0	0	0	0	0	0
OTU563	0	0	0	0	0	0	0	0	0	0	0	0	0	0	0	0	0	0	0	0	0	0	0	0	0	0	0	0	0	0	26	0	0	0	0	0	0	0	0	0	0
OTU575	0	0	0	0	0	0	0	0	0	0	0	0	0	0	0	0	0	0	0	0	0	0	0	0	0	0	0	0	0	0	9	0	0	0	0	0	0	0	0	0	0
OTU723	0	0	0	0	0	0	0	0	0	0	0	0	0	0	0	0	0	0	0	0	0	0	0	0	0	0	0	0	0	0	1	2	0	0	0	0	0	0	0	0	0
OTU945	0	0	0	0	0	0	0	0	0	0	0	0	0	0	0	0	0	0	0	0	0	0	0	0	0	0	0	0	0	0	3	0	0	0	0	0	0	0	0	0	0
OTU520	0	0	0	0	0	0	0	0	0	0	0	0	0	0	0	0	0	0	0	0	0	0	0	0	0	0	0	0	0	0	1	0	0	0	0	0	0	0	0	1	10
OTU859	0	0	0	0	0	0	0	0	0	0	0	0	0	0	0	0	0	0	0	0	0	0	0	0	0	0	0	0	0	0	0	2	0	0	0	0	0	0	0	0	0
OTU829	0	0	0	0	0	0	0	0	0	0	0	0	0	0	0	0	0	0	0	0	0	0	0	0	0	0	0	0	0	0	0	2	0	0	0	0	0	0	0	0	0
OTU387	0	0	0	0	0	0	0	0	0	0	0	0	0	0	0	0	0	0	0	0	0	0	0	0	0	0	0	0	0	0	0	0	15	0	0	0	0	0	0	0	0
OTU759	0	0	0	0	0	0	0	0	0	0	0	0	0	0	0	0	0	0	0	0	0	0	0	0	0	0	0	0	0	0	0	0	29	0	0	0	0	0	0	0	0
OTU686	0	0	0	0	0	0	0	0	0	0	0	0	0	0	0	0	0	0	0	0	0	0	0	0	0	0	0	0	0	0	0	0	14	0	0	0	0	0	0	0	0
OTU912	0	0	0	0	0	0	0	0	0	0	0	0	0	0	0	0	0	0	0	0	0	0	0	0	0	0	0	0	0	0	0	0	2	0	0	0	0	0	0	0	0
OTU210	0	0	0	0	0	0	0	0	0	0	0	0	0	0	0	0	0	0	0	0	0	0	0	0	0	0	0	0	0	0	0	0	0	100	0	0	0	0	0	0	0
OTU896	0	0	0	0	0	0	0	0	0	0	0	0	0	0	0	0	0	0	0	0	0	0	0	0	0	0	0	0	0	0	0	0	0	67	0	0	0	0	0	0	0
OTU189	0	0	0	0	0	0	0	0	0	0	0	0	0	0	0	0	0	0	0	0	0	0	0	0	0	0	0	0	0	0	0	0	0	154	0	0	0	0	0	0	0
OTU280	0	0	0	0	0	0	0	0	0	0	0	0	0	0	0	0	0	0	0	0	0	0	0	0	0	0	0	0	0	0	0	0	0	88	0	0	0	0	0	0	0
OTU687	0	0	0	0	0	0	0	0	0	0	0	0	0	0	0	0	0	0	0	0	0	0	0	0	0	0	0	0	0	0	0	0	0	15	1	0	0	0	0	0	0
OTU911	0	0	0	0	0	0	0	0	0	0	0	0	0	0	0	0	0	0	0	0	0	0	0	0	0	0	0	0	0	0	0	0	0	1	97	0	0	0	0	0	0
OTU78	0	0	0	0	0	0	0	0	0	0	0	0	0	0	0	0	0	0	0	0	0	0	0	0	0	0	0	0	0	0	0	0	0	0	0	0	548	0	0	0	0
OTU186	0	0	0	0	0	0	0	0	0	0	0	0	0	0	0	0	0	0	0	0	0	0	0	0	0	0	0	0	0	0	0	0	0	0	0	0	241	0	0	0	0
OTU609	0	0	0	0	0	0	0	0	0	0	0	0	0	0	0	0	0	0	0	0	0	0	0	0	0	0	0	0	0	0	0	0	0	0	0	0	17	1	0	0	0
OTU147	0	0	0	0	0	0	0	0	0	0	0	0	0	0	0	0	0	0	0	0	0	0	0	0	0	0	0	0	0	0	0	0	0	0	0	0	251	0	0	0	0
OTU412	0	0	0	0	0	0	0	0	0	0	0	0	0	0	0	0	0	0	0	0	0	0	0	0	0	0	0	0	0	0	0	0	0	0	0	0	11	0	0	0	0
OTU435	0	0	0	0	0	0	0	0	0	0	0	0	0	0	0	0	0	0	0	0	0	0	0	0	0	0	0	0	0	0	0	0	0	0	0	0	35	0	0	0	0
OTU373	0	0	0	0	0	0	0	0	0	0	0	0	0	0	0	0	0	0	0	0	0	0	0	0	0	0	0	0	0	0	0	0	0	0	0	0	90	0	0	0	0
OTU903	0	0	0	0	0	0	0	0	0	0	0	0	0	0	0	0	0	0	0	0	0	0	0	0	0	0	0	0	0	0	0	0	0	0	0	0	9	0	0	0	0
OTU899	0	0	0	0	0	0	0	0	0	0	0	0	0	0	0	0	0	0	0	0	0	0	0	0	0	0	0	0	0	0	0	0	0	0	0	0	7	0	0	0	0
OTU766	0	0	0	0	0	0	0	0	0	0	0	0	0	0	0	0	0	0	0	0	0	0	0	0	0	0	0	0	0	0	0	0	0	0	0	0	14	0	0	0	0
OTU892	0	0	0	0	0	0	0	0	0	0	0	0	0	0	0	0	0	0	0	0	0	0	0	0	0	0	0	0	0	0	0	0	0	0	0	0	15	0	0	0	0
OTU557	0	0	0	0	0	0	0	0	0	0	0	0	0	0	0	0	0	0	0	0	0	0	0	0	0	0	0	0	0	0	0	0	0	0	0	0	0	0	10	0	0
OTU598	0	0	0	0	0	0	0	0	0	0	0	0	0	0	0	0	0	0	0	0	0	0	0	0	0	0	0	0	0	0	0	0	0	0	0	0	0	0	2	0	0
OTU611	0	0	0	0	0	0	0	0	0	0	0	0	0	0	0	0	0	0	0	0	0	0	0	0	0	0	0	0	0	0	0	0	0	0	0	0	0	0	0	1	1
OTU852	0	0	0	0	0	0	0	0	0	0	0	0	0	0	0	0	0	0	0	0	0	0	0	0	0	0	0	0	0	0	0	0	0	0	0	0	0	0	0	0	8
OTU690	0	0	0	0	0	0	0	0	0	0	0	0	0	0	0	0	0	0	0	0	0	0	0	0	0	0	0	0	0	0	0	0	0	0	0	0	0	0	0	0	2
